28
   0.06000   0.08485   0.12000   0.16971   0.24000   0.33941   0.48000   0.67882   0.96000   1.35765   1.92000   2.71529   3.84000   5.43058   7.68000  10.00000  30.00000  50.00000  70.00000  90.00000 110.00000 130.00000 150.00000 170.00000 190.00000 210.00000 230.00000 250.00000
26
   0.00001   0.00010   0.00100   0.05000   0.10000   0.15000   0.20000   0.25000   0.30000   0.35000   0.40000   0.45000   0.50000   0.55000   0.60000   0.65000   0.70000   0.75000   0.80000   0.85000   0.90000   0.95000   0.99000   0.99900   0.99990   0.99999
9
 0  0 -6.53070 -6.40426 -6.21359 -5.58466 -5.33577 -5.12412 -4.91567 -4.69538 -4.44354 -4.13494 -3.71394 -3.01448  0.01280  3.00907  3.71310  4.13305  4.44095  4.69249  4.91429  5.12138  5.33318  5.58260  5.93135  6.21831  6.40071  6.53714 
 0  1 -6.52566 -6.40266 -6.22014 -5.59253 -5.34161 -5.12861 -4.91878 -4.69895 -4.44788 -4.13730 -3.71352 -3.00610  0.16069  3.02650  3.72418  4.14085  4.44874  4.70042  4.92201  5.13033  5.34227  5.59143  5.93708  6.22118  6.39945  6.56050 
 0  2 -6.54266 -6.40869 -6.23267 -5.60078 -5.35216 -5.14052 -4.93227 -4.71123 -4.46100 -4.15213 -3.73558 -3.03598 -0.06039  3.02643  3.72603  4.14869  4.45772  4.71181  4.93352  5.14261  5.35448  5.60170  5.94836  6.23285  6.41467  6.55228 
 0  3 -6.53582 -6.41105 -6.24050 -5.61357 -5.36324 -5.15038 -4.94201 -4.71995 -4.46833 -4.16261 -3.74378 -3.04670 -0.03036  3.04210  3.74200  4.16195  4.46685  4.71951  4.94156  5.14926  5.36092  5.61264  5.95852  6.24366  6.43655  6.53969 
 0  4 -6.55936 -6.43240 -6.24622 -5.61936 -5.37052 -5.15818 -4.94836 -4.72802 -4.47306 -4.16536 -3.74170 -3.02636  0.17640  3.05780  3.75450  4.17353  4.48003  4.73123  4.95083  5.15949  5.37052  5.62002  5.96539  6.24772  6.44025  6.57128 
 0  5 -6.57881 -6.43826 -6.24935 -5.61817 -5.36808 -5.15654 -4.94933 -4.72737 -4.47693 -4.17093 -3.75387 -3.06330 -0.07769  3.03920  3.74242  4.16611  4.47522  4.72877  4.94869  5.15756  5.37033  5.62018  5.96848  6.24996  6.42860  6.54934 
 0  6 -6.56378 -6.43355 -6.25221 -5.61503 -5.36538 -5.15428 -4.94623 -4.72350 -4.47320 -4.16448 -3.74362 -3.03929  0.11006  3.06029  3.75098  4.16983  4.47451  4.72283  4.94431  5.15357  5.36485  5.61494  5.96048  6.24418  6.41921  6.54900 
 0  7 -5.37804 -5.23906 -5.06014 -4.43166 -4.18076 -3.96937 -3.76237 -3.54216 -3.29131 -2.98049 -2.56452 -1.86876  0.07240  1.90368  2.57521  2.98880  3.29393  3.54457  3.76650  3.97260  4.18404  4.43364  4.77785  5.06958  5.26119  5.41021 
 0  8 -4.99478 -4.86247 -4.67036 -4.04458 -3.79504 -3.58344 -3.37544 -3.15581 -2.90605 -2.60041 -2.19082 -1.53265 -0.03746  1.50570  2.17915  2.59454  2.89923  3.14991  3.37135  3.58079  3.79361  4.04599  4.38878  4.67438  4.85959  5.02618 
 0  9 -4.69958 -4.58368 -4.39204 -3.75683 -3.50487 -3.29191 -3.08409 -2.86361 -2.61248 -2.30727 -1.89826 -1.24251  0.05165  1.29038  1.92190  2.32203  2.62349  2.87213  3.09156  3.29800  3.50982  3.75867  4.10359  4.38564  4.57603  4.72951 
 0 10 -4.70238 -4.57731 -4.38288 -3.75223 -3.50535 -3.29558 -3.08748 -2.86886 -2.62024 -2.31573 -1.91355 -1.28137 -0.03496  1.24743  1.89866  2.30875  2.61241  2.86446  3.08525  3.29363  3.50365  3.75370  4.10033  4.38422  4.56953  4.72965 
 0 11 -4.37281 -4.24046 -4.05712 -3.42751 -3.17800 -2.96710 -2.76081 -2.54311 -2.29760 -1.99961 -1.60338 -1.01245 -0.02299  0.98817  1.58947  1.98847  2.28994  2.53746  2.75633  2.96489  3.17684  3.42608  3.77222  4.05615  4.23861  4.37379 
 0 12 -4.35723 -4.23630 -4.06033 -3.42676 -3.17834 -2.96510 -2.75897 -2.53881 -2.29128 -1.99030 -1.59467 -0.99394  0.00750  1.00619  1.59884  1.99391  2.29375  2.54088  2.76013  2.96525  3.17705  3.42603  3.77222  4.05410  4.23425  4.38649 
 0 13 -3.90862 -3.79463 -3.66815 -3.21075 -3.02071 -2.85772 -2.69446 -2.52111 -2.32877 -2.09932 -1.81261 -1.42268 -0.81521  0.17233  1.08170  1.64550  2.04263  2.35664  2.62723  2.88081  3.13706  3.43974  3.86744  4.22853  4.47006  4.65058 
 0 14 -3.77222 -3.67350 -3.54880 -3.14108 -2.97300 -2.82806 -2.68576 -2.53577 -2.36939 -2.17540 -1.93542 -1.61276 -1.14267 -0.34015  0.71457  1.44712  1.92684  2.29136  2.59542  2.87289  3.15133  3.47754  3.93534  4.31866  4.57814  4.80716 
 0 15 -3.64733 -3.56527 -3.44974 -3.06489 -2.91093 -2.78078 -2.65380 -2.52197 -2.37570 -2.20804 -2.00457 -1.74268 -1.37131 -0.77035  0.23450  1.16459  1.76106  2.18990  2.54500  2.86213  3.17134  3.51729  3.99830  4.40297  4.65904  4.85830 
 0 16 -3.09912 -3.02558 -2.92662 -2.61018 -2.49351 -2.39890 -2.31174 -2.22498 -2.13586 -2.03910 -1.93059 -1.80400 -1.64773 -1.44960 -1.17302 -0.74987 -0.05794  0.82592  1.55009  2.15173  2.74006  3.45861  4.43780  4.85511  5.16572  5.46542 
 0 17 -2.83024 -2.75920 -2.66335 -2.35634 -2.24700 -2.15979 -2.07998 -2.00196 -1.92198 -1.83815 -1.74619 -1.64294 -1.52117 -1.37319 -1.18223 -0.91424 -0.51216  0.11454  0.88320  1.59099  2.28226  3.12819  4.46305  5.25560  5.43760  5.78128 
 0 18 -2.64202 -2.57533 -2.48391 -2.18767 -2.08193 -1.99829 -1.92163 -1.84753 -1.77241 -1.69451 -1.60996 -1.51654 -1.40993 -1.28168 -1.12216 -0.91083 -0.61307 -0.16156  0.48608  1.21154  1.94563  2.85554  4.36947  5.50432  5.72931  5.94658 
 0 19 -2.52263 -2.45554 -2.35669 -2.06295 -1.95904 -1.87702 -1.80299 -1.73142 -1.65957 -1.58494 -1.50462 -1.41638 -1.31578 -1.19830 -1.05555 -0.87112 -0.62082 -0.25332  0.27825  0.95470  1.69911  2.63854  4.23999  5.63993  5.96879  6.05845 
 0 20 -2.36760 -2.31185 -2.23199 -1.96315 -1.86359 -1.78407 -1.71205 -1.64236 -1.57213 -1.49911 -1.42085 -1.33508 -1.23941 -1.12725 -0.99278 -0.82294 -0.59822 -0.28001  0.17910  0.78856  1.51207  2.47004  4.12202  5.70774  6.15276  6.22744 
 0 21 -2.28629 -2.22669 -2.14606 -1.88402 -1.78639 -1.70837 -1.63758 -1.56909 -1.50022 -1.42877 -1.35296 -1.27006 -1.17785 -1.07107 -0.94460 -0.78854 -0.58326 -0.30385  0.09886  0.65772  1.36261  2.32364  4.03678  5.73898  6.31539  6.39717 
 0 22 -2.20906 -2.15280 -2.07912 -1.81769 -1.72124 -1.64436 -1.57465 -1.50736 -1.43942 -1.36969 -1.29538 -1.21438 -1.12435 -1.02153 -0.90102 -0.75221 -0.56184 -0.30457  0.05897  0.57252  1.24844  2.20422  3.92020  5.75050  6.43889  6.54962 
 0 23 -2.14455 -2.09035 -2.01651 -1.76123 -1.66630 -1.59066 -1.52169 -1.45549 -1.38947 -1.32078 -1.24738 -1.16811 -1.08058 -0.98148 -0.86443 -0.72113 -0.54092 -0.29973  0.03024  0.50512  1.15755  2.11104  3.85418  5.74541  6.55247  6.67941 
 0 24 -2.09591 -2.04245 -1.96487 -1.71201 -1.61844 -1.54431 -1.47665 -1.41156 -1.34570 -1.27829 -1.20624 -1.12853 -1.04247 -0.94487 -0.83080 -0.69482 -0.52369 -0.29858  0.01198  0.45057  1.07271  2.01411  3.76638  5.73832  6.64414  6.79057 
 0 25 -2.05010 -2.00061 -1.92318 -1.67045 -1.57809 -1.50397 -1.43747 -1.37293 -1.30847 -1.24140 -1.17101 -1.09476 -1.01073 -0.91561 -0.80485 -0.67265 -0.50853 -0.29316 -0.00075  0.40990  1.00695  1.94314  3.70974  5.72437  6.72908  6.89757 
 0 26 -2.00872 -1.95384 -1.88029 -1.63292 -1.54163 -1.46857 -1.40277 -1.33918 -1.27584 -1.21028 -1.14111 -1.06583 -0.98299 -0.88932 -0.78125 -0.65351 -0.49325 -0.28787 -0.01135  0.38063  0.94765  1.86756  3.64506  5.69930  6.81921  7.00667 
 0 27 -1.97089 -1.92060 -1.84657 -1.60037 -1.50983 -1.43789 -1.37266 -1.30972 -1.24714 -1.18232 -1.11428 -1.04039 -0.95931 -0.86771 -0.76208 -0.63691 -0.48296 -0.28589 -0.02351  0.34955  0.89248  1.79978  3.58486  5.65283  6.82099  7.08346 
 1  0 -0.77815 -0.77729 -0.76964 -0.55997 -0.45270 -0.37236 -0.30570 -0.24679 -0.19309 -0.14248 -0.09379 -0.04613  0.00078  0.04725  0.09408  0.14269  0.19306  0.24721  0.30569  0.37271  0.45202  0.55996  0.70721  0.76937  0.77739  0.77819 
 1  1 -0.79778 -0.79696 -0.78893 -0.56953 -0.45919 -0.37835 -0.31017 -0.25045 -0.19589 -0.14437 -0.09497 -0.04732  0.00003  0.04731  0.09522  0.14452  0.19575  0.25051  0.31050  0.37760  0.45899  0.56846  0.72167  0.78833  0.79682  0.79782 
 1  2 -0.77455 -0.77381 -0.76610 -0.56269 -0.45602 -0.37588 -0.30907 -0.24972 -0.19545 -0.14374 -0.09480 -0.04682  0.00027  0.04729  0.09528  0.14430  0.19560  0.25034  0.30979  0.37695  0.45684  0.56365  0.70833  0.76629  0.77386  0.77457 
 1  3 -0.70713 -0.70671 -0.70186 -0.53900 -0.44108 -0.36510 -0.30066 -0.24367 -0.19059 -0.14056 -0.09252 -0.04559  0.00059  0.04660  0.09381  0.14140  0.19141  0.24422  0.30161  0.36609  0.44202  0.54045  0.66126  0.70203  0.70676  0.70717 
 1  4 -0.61127 -0.61104 -0.60825 -0.49234 -0.40937 -0.34154 -0.28289 -0.22929 -0.17980 -0.13289 -0.08755 -0.04322  0.00057  0.04393  0.08816  0.13336  0.18018  0.22991  0.28288  0.34159  0.40968  0.49263  0.58244  0.60823  0.61096  0.61125 
 1  5 -0.51110 -0.51096 -0.50924 -0.42921 -0.36379 -0.30697 -0.25578 -0.20883 -0.16447 -0.12205 -0.08066 -0.04015  0.00009  0.03999  0.08040  0.12181  0.16425  0.20872  0.25603  0.30721  0.36363  0.42930  0.49284  0.50926  0.51093  0.51111 
 1  6 -0.41975 -0.41965 -0.41854 -0.36186 -0.31116 -0.26528 -0.22251 -0.18264 -0.14441 -0.10708 -0.07060 -0.03498  0.00045  0.03573  0.07140  0.10756  0.14465  0.18318  0.22321  0.26574  0.31133  0.36191  0.40731  0.41857  0.41963  0.41976 
 1  7 -0.34051 -0.34043 -0.33961 -0.29850 -0.26006 -0.22378 -0.18929 -0.15564 -0.12342 -0.09214 -0.06107 -0.03051 -0.00005  0.03036  0.06112  0.09189  0.12329  0.15564  0.18911  0.22386  0.25997  0.29896  0.33205  0.33966  0.34043  0.34052 
 1  8 -0.27248 -0.27242 -0.27183 -0.24122 -0.21151 -0.18273 -0.15538 -0.12851 -0.10207 -0.07624 -0.05081 -0.02538  0.00004  0.02530  0.05061  0.07619  0.10201  0.12837  0.15539  0.18312  0.21154  0.24122  0.26612  0.27182  0.27242  0.27248 
 1  9 -0.21572 -0.21568 -0.21528 -0.19225 -0.16952 -0.14719 -0.12546 -0.10418 -0.08292 -0.06204 -0.04123 -0.02078 -0.00013  0.02048  0.04105  0.06191  0.08286  0.10387  0.12541  0.14732  0.16948  0.19230  0.21093  0.21525  0.21567  0.21572 
 1 10 -0.16924 -0.16921 -0.16890 -0.15140 -0.13383 -0.11653 -0.09958 -0.08271 -0.06603 -0.04951 -0.03297 -0.01650 -0.00007  0.01621  0.03263  0.04912  0.06584  0.08276  0.09960  0.11657  0.13379  0.15138  0.16567  0.16888  0.16921  0.16924 
 1 11 -0.13084 -0.13084 -0.13084 -0.13084 -0.11904 -0.10956 -0.09937 -0.08958 -0.08070 -0.07256 -0.06471 -0.05696 -0.04910 -0.04113 -0.03214 -0.02200 -0.01032  0.00336  0.02120  0.04715  0.09145  0.22246  0.87427  2.07689  2.42701  2.52098 
 1 12 -0.10190 -0.10190 -0.10190 -0.10190 -0.10190 -0.08974 -0.08283 -0.07519 -0.06802 -0.06099 -0.05443 -0.04800 -0.04155 -0.03486 -0.02806 -0.02057 -0.01136 -0.00045  0.01306  0.03193  0.06439  0.15753  0.77590  2.13184  2.73015  2.81228 
 1 13 -0.07845 -0.07845 -0.07845 -0.07845 -0.07845 -0.07845 -0.06736 -0.06216 -0.05668 -0.05102 -0.04545 -0.04006 -0.03485 -0.02910 -0.02338 -0.01731 -0.01055 -0.00238  0.00836  0.02264  0.04674  0.11253  0.65773  2.09160  2.98979  3.14715 
 1 14 -0.05996 -0.05996 -0.05996 -0.05996 -0.05996 -0.05996 -0.05996 -0.05149 -0.04648 -0.04223 -0.03785 -0.03336 -0.02871 -0.02401 -0.01929 -0.01424 -0.00838 -0.00253  0.00556  0.01686  0.03351  0.07982  0.50859  1.97916  3.21296  3.47017 
 1 15 -0.04867 -0.04867 -0.04867 -0.04867 -0.04867 -0.04867 -0.04867 -0.04867 -0.04188 -0.03655 -0.03254 -0.02879 -0.02486 -0.02089 -0.01662 -0.01193 -0.00726 -0.00174  0.00465  0.01375  0.02783  0.06196  0.40411  1.83156  3.26023  3.70754 
 1 16 -0.02007 -0.02007 -0.02007 -0.02007 -0.02007 -0.02007 -0.02007 -0.02007 -0.02007 -0.02007 -0.02007 -0.02007 -0.02007 -0.01587 -0.01025 -0.00658 -0.00287  0.00077  0.00452  0.00831  0.01482  0.02786  0.13237  1.02143  3.04879  4.39050 
 1 17 -0.01333 -0.01333 -0.01333 -0.01333 -0.01333 -0.01333 -0.01333 -0.01333 -0.01333 -0.01333 -0.01333 -0.01333 -0.01333 -0.01333 -0.01333 -0.01056 -0.00458 -0.00005  0.00417  0.00847  0.01293  0.02219  0.07705  0.78000  2.81753  4.66564 
 1 18 -0.01024 -0.01024 -0.01024 -0.01024 -0.01024 -0.01024 -0.01024 -0.01024 -0.01024 -0.01024 -0.01024 -0.01024 -0.01024 -0.01024 -0.01024 -0.01024 -0.00922 -0.00264  0.00272  0.00754  0.01253  0.01843  0.05874  0.64317  2.47692  4.30872 
 1 19  0.00000  0.00000  0.00000  0.00000  0.00000  0.00000  0.00000  0.00000  0.00000  0.00000  0.00000  0.00000  0.00000  0.00000  0.00000  0.00000  0.00000  0.00000  0.00000  0.00000  0.00000  0.00000  0.00000  0.00000  0.00000  0.00000 
 1 20  0.00000  0.00000  0.00000  0.00000  0.00000  0.00000  0.00000  0.00000  0.00000  0.00000  0.00000  0.00000  0.00000  0.00000  0.00000  0.00000  0.00000  0.00000  0.00000  0.00000  0.00000  0.00000  0.00000  0.00000  0.00000  0.00000 
 1 21  0.00000  0.00000  0.00000  0.00000  0.00000  0.00000  0.00000  0.00000  0.00000  0.00000  0.00000  0.00000  0.00000  0.00000  0.00000  0.00000  0.00000  0.00000  0.00000  0.00000  0.00000  0.00000  0.00000  0.00000  0.00000  0.00000 
 1 22  0.00000  0.00000  0.00000  0.00000  0.00000  0.00000  0.00000  0.00000  0.00000  0.00000  0.00000  0.00000  0.00000  0.00000  0.00000  0.00000  0.00000  0.00000  0.00000  0.00000  0.00000  0.00000  0.00000  0.00000  0.00000  0.00000 
 1 23  0.00000  0.00000  0.00000  0.00000  0.00000  0.00000  0.00000  0.00000  0.00000  0.00000  0.00000  0.00000  0.00000  0.00000  0.00000  0.00000  0.00000  0.00000  0.00000  0.00000  0.00000  0.00000  0.00000  0.00000  0.00000  0.00000 
 1 24  0.00000  0.00000  0.00000  0.00000  0.00000  0.00000  0.00000  0.00000  0.00000  0.00000  0.00000  0.00000  0.00000  0.00000  0.00000  0.00000  0.00000  0.00000  0.00000  0.00000  0.00000  0.00000  0.00000  0.00000  0.00000  0.00000 
 1 25  0.00000  0.00000  0.00000  0.00000  0.00000  0.00000  0.00000  0.00000  0.00000  0.00000  0.00000  0.00000  0.00000  0.00000  0.00000  0.00000  0.00000  0.00000  0.00000  0.00000  0.00000  0.00000  0.00000  0.00000  0.00000  0.00000 
 1 26  0.00000  0.00000  0.00000  0.00000  0.00000  0.00000  0.00000  0.00000  0.00000  0.00000  0.00000  0.00000  0.00000  0.00000  0.00000  0.00000  0.00000  0.00000  0.00000  0.00000  0.00000  0.00000  0.00000  0.00000  0.00000  0.00000 
 1 27  0.00000  0.00000  0.00000  0.00000  0.00000  0.00000  0.00000  0.00000  0.00000  0.00000  0.00000  0.00000  0.00000  0.00000  0.00000  0.00000  0.00000  0.00000  0.00000  0.00000  0.00000  0.00000  0.00000  0.00000  0.00000  0.00000 
 2  0  0.00000  0.00000  0.00000  0.00000  0.00000  0.00000  0.00000  0.00000  0.00000  0.00000  0.00000  0.00000  0.00000  0.00000  0.00000  0.00000  0.00000  0.00000  0.00000  0.00000  0.00000  0.00000  0.00000  0.00000  0.00000  0.00000 
 2  1  0.00000  0.00000  0.00000  0.00000  0.00000  0.00000  0.00000  0.00000  0.00000  0.00000  0.00000  0.00000  0.00000  0.00000  0.00000  0.00000  0.00000  0.00000  0.00000  0.00000  0.00000  0.00000  0.00000  0.00000  0.00000  0.00000 
 2  2  0.00000  0.00000  0.00000  0.00000  0.00000  0.00000  0.00000  0.00000  0.00000  0.00000  0.00000  0.00000  0.00000  0.00000  0.00000  0.00000  0.00000  0.00000  0.00000  0.00000  0.00000  0.00000  0.00000  0.00000  0.00000  0.00000 
 2  3  0.00000  0.00000  0.00000  0.00000  0.00000  0.00000  0.00000  0.00000  0.00000  0.00000  0.00000  0.00000  0.00000  0.00000  0.00000  0.00000  0.00000  0.00000  0.00000  0.00000  0.00000  0.00000  0.00000  0.00000  0.00000  0.00000 
 2  4  0.00000  0.00000  0.00000  0.00000  0.00000  0.00000  0.00000  0.00000  0.00000  0.00000  0.00000  0.00000  0.00000  0.00000  0.00000  0.00000  0.00000  0.00000  0.00000  0.00000  0.00000  0.00000  0.00000  0.00000  0.00000  0.00000 
 2  5  0.00000  0.00000  0.00000  0.00000  0.00000  0.00000  0.00000  0.00000  0.00000  0.00000  0.00000  0.00000  0.00000  0.00000  0.00000  0.00000  0.00000  0.00000  0.00000  0.00000  0.00000  0.00000  0.00000  0.00000  0.00000  0.00000 
 2  6  0.00000  0.00000  0.00000  0.00000  0.00000  0.00000  0.00000  0.00000  0.00000  0.00000  0.00000  0.00000  0.00000  0.00000  0.00000  0.00000  0.00000  0.00000  0.00000  0.00000  0.00000  0.00000  0.00000  0.00000  0.00000  0.00000 
 2  7  0.00000  0.00000  0.00000  0.00000  0.00000  0.00000  0.00000  0.00000  0.00000  0.00000  0.00000  0.00000  0.00000  0.00000  0.00000  0.00000  0.00000  0.00000  0.00000  0.00000  0.00000  0.00000  0.00000  0.00000  0.00000  0.00000 
 2  8  0.00000  0.00000  0.00000  0.00000  0.00000  0.00000  0.00000  0.00000  0.00000  0.00000  0.00000  0.00000  0.00000  0.00000  0.00000  0.00000  0.00000  0.00000  0.00000  0.00000  0.00000  0.00000  0.00000  0.00000  0.00000  0.00000 
 2  9  0.00000  0.00000  0.00000  0.00000  0.00000  0.00000  0.00000  0.00000  0.00000  0.00000  0.00000  0.00000  0.00000  0.00000  0.00000  0.00000  0.00000  0.00000  0.00000  0.00000  0.00000  0.00000  0.00000  0.00000  0.00000  0.00000 
 2 10  0.00000  0.00000  0.00000  0.00000  0.00000  0.00000  0.00000  0.00000  0.00000  0.00000  0.00000  0.00000  0.00000  0.00000  0.00000  0.00000  0.00000  0.00000  0.00000  0.00000  0.00000  0.00000  0.00000  0.00000  0.00000  0.00000 
 2 11  0.00000  0.00000  0.00000  0.00000  0.00000  0.00000  0.00000  0.00000  0.00000  0.00000  0.00000  0.00000  0.00000  0.00000  0.00000  0.00000  0.00000  0.00000  0.00000  0.00000  0.00000  0.00000  0.00000  0.00000  0.00000  0.00000 
 2 12  0.00000  0.00000  0.00000  0.00000  0.00000  0.00000  0.00000  0.00000  0.00000  0.00000  0.00000  0.00000  0.00000  0.00000  0.00000  0.00000  0.00000  0.00000  0.00000  0.00000  0.00000  0.00000  0.00000  0.00000  0.00000  0.00000 
 2 13  0.00000  0.00000  0.00000  0.00000  0.00000  0.00000  0.00000  0.00000  0.00000  0.00000  0.00000  0.00000  0.00000  0.00000  0.00000  0.00000  0.00000  0.00000  0.00000  0.00000  0.00000  0.00000  0.00000  0.00000  0.00000  0.00000 
 2 14  0.00000  0.00000  0.00000  0.00000  0.00000  0.00000  0.00000  0.00000  0.00000  0.00000  0.00000  0.00000  0.00000  0.00000  0.00000  0.00000  0.00000  0.00000  0.00000  0.00000  0.00000  0.00000  0.00000  0.00000  0.00000  0.00000 
 2 15  0.00000  0.00000  0.00000  0.00000  0.00000  0.00000  0.00000  0.00000  0.00000  0.00000  0.00000  0.00000  0.00000  0.00000  0.00000  0.00000  0.00000  0.00000  0.00000  0.00000  0.00000  0.00000  0.00000  0.00000  0.00000  0.00000 
 2 16  0.00000  0.00000  0.00000  0.00000  0.00000  0.00000  0.00000  0.00000  0.00000  0.00000  0.00000  0.00000  0.00000  0.00000  0.00000  0.00000  0.00000  0.00000  0.00000  0.00000  0.00000  0.00000  0.00000  0.00000  0.00000  0.00000 
 2 17  0.00000  0.00000  0.00000  0.00000  0.00000  0.00000  0.00000  0.00000  0.00000  0.00000  0.00000  0.00000  0.00000  0.00000  0.00000  0.00000  0.00000  0.00000  0.00000  0.00000  0.00000  0.00000  0.00000  0.00000  0.00000  0.00000 
 2 18  0.00000  0.00000  0.00000  0.00000  0.00000  0.00000  0.00000  0.00000  0.00000  0.00000  0.00000  0.00000  0.00000  0.00000  0.00000  0.00000  0.00000  0.00000  0.00000  0.00000  0.00000  0.00000  0.00000  0.00000  0.00000  0.00000 
 2 19  0.00000  0.00000  0.00000  0.00000  0.00000  0.00000  0.00000  0.00000  0.00000  0.00000  0.00000  0.00000  0.00000  0.00000  0.00000  0.00000  0.00000  0.00000  0.00000  0.00000  0.00000  0.00000  0.00000  0.00000  0.00000  0.00000 
 2 20  0.00000  0.00000  0.00000  0.00000  0.00000  0.00000  0.00000  0.00000  0.00000  0.00000  0.00000  0.00000  0.00000  0.00000  0.00000  0.00000  0.00000  0.00000  0.00000  0.00000  0.00000  0.00000  0.00000  0.00000  0.00000  0.00000 
 2 21  0.00000  0.00000  0.00000  0.00000  0.00000  0.00000  0.00000  0.00000  0.00000  0.00000  0.00000  0.00000  0.00000  0.00000  0.00000  0.00000  0.00000  0.00000  0.00000  0.00000  0.00000  0.00000  0.00000  0.00000  0.00000  0.00000 
 2 22  0.00000  0.00000  0.00000  0.00000  0.00000  0.00000  0.00000  0.00000  0.00000  0.00000  0.00000  0.00000  0.00000  0.00000  0.00000  0.00000  0.00000  0.00000  0.00000  0.00000  0.00000  0.00000  0.00000  0.00000  0.00000  0.00000 
 2 23  0.00000  0.00000  0.00000  0.00000  0.00000  0.00000  0.00000  0.00000  0.00000  0.00000  0.00000  0.00000  0.00000  0.00000  0.00000  0.00000  0.00000  0.00000  0.00000  0.00000  0.00000  0.00000  0.00000  0.00000  0.00000  0.00000 
 2 24  0.00000  0.00000  0.00000  0.00000  0.00000  0.00000  0.00000  0.00000  0.00000  0.00000  0.00000  0.00000  0.00000  0.00000  0.00000  0.00000  0.00000  0.00000  0.00000  0.00000  0.00000  0.00000  0.00000  0.00000  0.00000  0.00000 
 2 25  0.00000  0.00000  0.00000  0.00000  0.00000  0.00000  0.00000  0.00000  0.00000  0.00000  0.00000  0.00000  0.00000  0.00000  0.00000  0.00000  0.00000  0.00000  0.00000  0.00000  0.00000  0.00000  0.00000  0.00000  0.00000  0.00000 
 2 26  0.00000  0.00000  0.00000  0.00000  0.00000  0.00000  0.00000  0.00000  0.00000  0.00000  0.00000  0.00000  0.00000  0.00000  0.00000  0.00000  0.00000  0.00000  0.00000  0.00000  0.00000  0.00000  0.00000  0.00000  0.00000  0.00000 
 2 27  0.00000  0.00000  0.00000  0.00000  0.00000  0.00000  0.00000  0.00000  0.00000  0.00000  0.00000  0.00000  0.00000  0.00000  0.00000  0.00000  0.00000  0.00000  0.00000  0.00000  0.00000  0.00000  0.00000  0.00000  0.00000  0.00000 
 3  0 -6.53196 -6.42316 -6.23352 -5.59841 -5.34576 -5.13490 -4.92703 -4.70512 -4.45509 -4.14936 -3.72885 -3.03145 -0.09728  3.01396  3.72106  4.14273  4.45123  4.70359  4.92513  5.13281  5.34591  5.59796  5.94343  6.22565  6.41509  6.57472 
 3  1 -6.54712 -6.41925 -6.23334 -5.60266 -5.35359 -5.14220 -4.93467 -4.71285 -4.45940 -4.14871 -3.72699 -3.01855  0.21492  3.05351  3.74361  4.16010  4.46591  4.71600  4.93645  5.14368  5.35589  5.60459  5.94940  6.23170  6.42434  6.59257 
 3  2 -6.56710 -6.43154 -6.23699 -5.60584 -5.35669 -5.14538 -4.93786 -4.71788 -4.46584 -4.15910 -3.74283 -3.05078 -0.13592  3.01788  3.72883  4.14951  4.45769  4.71211  4.93384  5.14081  5.35384  5.60519  5.95191  6.24147  6.42267  6.57359 
 3  3 -6.55850 -6.42051 -6.23717 -5.60419 -5.35530 -5.14209 -4.93423 -4.71201 -4.46151 -4.15320 -3.73373 -3.04525 -0.15193  3.01687  3.72772  4.15051  4.46042  4.71146  4.93403  5.14422  5.35685  5.60739  5.95253  6.23299  6.42579  6.54973 
 3  4 -6.52360 -6.41487 -6.22809 -5.59952 -5.35032 -5.14010 -4.93097 -4.71004 -4.45908 -4.15330 -3.73319 -3.03643 -0.05279  3.02230  3.72661  4.14599  4.45499  4.70771  4.92949  5.13567  5.34772  5.59894  5.94666  6.22821  6.41015  6.55353 
 3  5 -6.55145 -6.41013 -6.22012 -5.59535 -5.34767 -5.13469 -4.92588 -4.70446 -4.45402 -4.14550 -3.72487 -3.01865  0.10428  3.03302  3.72474  4.14348  4.45249  4.70347  4.92520  5.13197  5.34408  5.59621  5.94316  6.22685  6.42616  6.56537 
 3  6 -6.56656 -6.41767 -6.21730 -5.59120 -5.34086 -5.12820 -4.92106 -4.69938 -4.44882 -4.14097 -3.72674 -3.03024 -0.09965  3.01098  3.71774  4.13814  4.44617  4.69810  4.91953  5.12889  5.34174  5.59085  5.93676  6.21989  6.39559  6.55107 
 3  7 -5.32887 -5.20361 -5.01545 -4.38557 -4.13474 -3.92172 -3.71490 -3.49363 -3.24094 -2.93250 -2.51463 -1.81975  0.06724  1.85774  2.52940  2.93940  3.24584  3.49589  3.71680  3.92500  4.13781  4.38591  4.73465  5.01751  5.21015  5.33632 
 3  8 -4.95412 -4.83578 -4.65159 -4.01682 -3.76809 -3.55509 -3.34832 -3.12651 -2.87606 -2.57161 -2.16043 -1.49852 -0.01631  1.49347  2.15679  2.56913  2.87490  3.12584  3.34641  3.55473  3.76806  4.01683  4.36235  4.64370  4.81642  4.96692 
 3  9 -4.67425 -4.56411 -4.37434 -3.74080 -3.49269 -3.28064 -3.07400 -2.85587 -2.60631 -2.30483 -1.89940 -1.26539 -0.01654  1.24611  1.88844  2.29648  2.60241  2.85207  3.07441  3.28114  3.49359  3.74364  4.09021  4.37614  4.56250  4.68720 
 3 10 -4.69764 -4.55415 -4.37362 -3.73788 -3.48908 -3.27692 -3.06795 -2.84642 -2.59714 -2.29285 -1.88361 -1.24419  0.01639  1.25971  1.89459  2.29970  2.60142  2.84985  3.06958  3.27560  3.48716  3.73630  4.08509  4.36944  4.55892  4.69875 
 3 11 -4.30019 -4.19639 -4.02092 -3.38873 -3.13897 -2.92621 -2.71909 -2.49999 -2.25522 -1.95619 -1.55947 -0.96503  0.00284  0.96878  1.56330  1.95433  2.25312  2.50026  2.71914  2.92598  3.13671  3.38595  3.73221  4.02134  4.19404  4.35319 
 3 12 -4.32454 -4.18832 -4.01275 -3.38980 -3.14013 -2.92873 -2.72068 -2.50172 -2.25406 -1.95417 -1.56027 -0.97039  0.00355  0.96772  1.55916  1.95489  2.25404  2.50226  2.72301  2.92909  3.14037  3.38805  3.73557  4.01322  4.19514  4.32212 
 3 13 -3.82828 -3.73927 -3.61505 -3.17404 -2.98909 -2.82830 -2.66802 -2.49890 -2.31120 -2.08893 -1.80962 -1.43125 -0.84989  0.08671  1.00029  1.58473  1.99419  2.31447  2.59110  2.84708  3.10642  3.41364  3.84475  4.20015  4.44372  4.66988 
 3 14 -3.70956 -3.62055 -3.49557 -3.09758 -2.93387 -2.79208 -2.65344 -2.50768 -2.34465 -2.15407 -1.92159 -1.61121 -1.15352 -0.38354  0.65845  1.40438  1.89311  2.25955  2.56633  2.84761  3.12760  3.45281  3.91318  4.29956  4.55750  4.80238 
 3 15 -3.56800 -3.48784 -3.38234 -3.01793 -2.87011 -2.74513 -2.62200 -2.49364 -2.35399 -2.19102 -1.99531 -1.74461 -1.39319 -0.83525  0.11543  1.06944  1.69034  2.14013  2.50348  2.82871  3.14314  3.49396  3.97479  4.38258  4.65068  4.82271 
 3 16 -3.00251 -2.93940 -2.84671 -2.54623 -2.43614 -2.34729 -2.26510 -2.18367 -2.09852 -2.00656 -1.90278 -1.78338 -1.63796 -1.45157 -1.19403 -0.80278 -0.15957  0.71129  1.46534  2.08853  2.69085  3.41893  4.41759  4.84849  5.16022  5.45826 
 3 17 -2.73622 -2.66339 -2.57625 -2.28763 -2.18426 -2.10258 -2.02851 -1.95604 -1.88172 -1.80359 -1.71809 -1.62194 -1.50903 -1.37235 -1.19456 -0.95095 -0.58557  0.00048  0.77025  1.50950  2.21610  3.07307  4.42764  5.25902  5.42760  5.73649 
 3 18 -2.54811 -2.48623 -2.39712 -2.11459 -2.01445 -1.93507 -1.86386 -1.79560 -1.72542 -1.65339 -1.57526 -1.48810 -1.38971 -1.27123 -1.12349 -0.93059 -0.65802 -0.23765  0.38390  1.12495  1.88307  2.80462  4.32486  5.49224  5.73293  5.94768 
 3 19 -2.41583 -2.35376 -2.26475 -1.98691 -1.88858 -1.81104 -1.74194 -1.67501 -1.60853 -1.53937 -1.46537 -1.38398 -1.29277 -1.18566 -1.05620 -0.88935 -0.66162 -0.32958  0.17746  0.85908  1.62439  2.57894  4.20264  5.59853  5.96915  6.06865 
 3 20 -2.30483 -2.24911 -2.16474 -1.88789 -1.79059 -1.71417 -1.64568 -1.58083 -1.51553 -1.44857 -1.37710 -1.30013 -1.21297 -1.11280 -0.99261 -0.84142 -0.64237 -0.35356  0.07710  0.69204  1.44851  2.41392  4.08749  5.68615  6.16730  6.25710 
 3 21 -2.23069 -2.16984 -2.07878 -1.80655 -1.71021 -1.63529 -1.56787 -1.50401 -1.44013 -1.37504 -1.30557 -1.23055 -1.14710 -1.05152 -0.93872 -0.79803 -0.61473 -0.36177  0.01488  0.57081  1.29960  2.27624  3.97552  5.71827  6.30891  6.39173 
 3 22 -2.16084 -2.09478 -2.01004 -1.74089 -1.64624 -1.57247 -1.50633 -1.44314 -1.38066 -1.31641 -1.24892 -1.17626 -1.09544 -1.00297 -0.89685 -0.76457 -0.59591 -0.36619 -0.03248  0.46677  1.16424  2.14598  3.89367  5.69594  6.43495  6.54958 
 3 23 -2.06666 -2.00234 -1.93093 -1.68364 -1.59213 -1.51992 -1.45493 -1.39332 -1.33122 -1.26779 -1.20163 -1.13032 -1.05154 -0.96233 -0.85890 -0.73254 -0.57496 -0.36164 -0.05879  0.39502  1.06109  2.04328  3.79173  5.71840  6.52403  6.67554 
 3 24 -2.01342 -1.95526 -1.88124 -1.63556 -1.54476 -1.47300 -1.40914 -1.34813 -1.28720 -1.22530 -1.15999 -1.09028 -1.01351 -0.92822 -0.82829 -0.70735 -0.55606 -0.35766 -0.07575  0.34878  0.98310  1.96414  3.72980  5.71218  6.65605  6.80034 
 3 25 -1.94810 -1.90701 -1.83544 -1.59319 -1.50320 -1.43245 -1.36913 -1.30872 -1.24883 -1.18788 -1.12332 -1.05419 -0.97911 -0.89530 -0.79747 -0.68056 -0.53652 -0.34950 -0.08631  0.30888  0.91103  1.87361  3.65020  5.68524  6.71068  6.89695 
 3 26 -1.91572 -1.86894 -1.79633 -1.55610 -1.46743 -1.39785 -1.33463 -1.27413 -1.21465 -1.15408 -1.09063 -1.02268 -0.94888 -0.86573 -0.77112 -0.65866 -0.51926 -0.33969 -0.09065  0.28083  0.86673  1.81885  3.61460  5.68466  6.80775  7.01178 
 3 27 -1.88339 -1.83145 -1.76154 -1.52341 -1.43602 -1.36674 -1.30450 -1.24536 -1.18674 -1.12661 -1.06371 -0.99706 -0.92434 -0.84351 -0.75056 -0.64095 -0.50653 -0.33447 -0.09720  0.25406  0.80883  1.74952  3.54959  5.65840  6.79503  7.07914 
 4  0 -6.62125 -6.48399 -6.30626 -5.67454 -5.42457 -5.21244 -5.00380 -4.78134 -4.53032 -4.22307 -3.80094 -3.10843 -0.10994  3.10565  3.80810  4.22442  4.53091  4.78194  5.00286  5.21229  5.42419  5.67458  6.02174  6.30684  6.49548  6.63092 
 4  1 -6.63701 -6.50350 -6.31170 -5.68202 -5.43215 -5.21826 -5.01009 -4.78984 -4.53927 -4.23272 -3.81540 -3.12199 -0.08604  3.09445  3.80391  4.22695  4.53417  4.78731  5.00813  5.21718  5.43155  5.68105  6.02709  6.31449  6.49585  6.63443 
 4  2 -6.64407 -6.49427 -6.31574 -5.68465 -5.43461 -5.22203 -5.01453 -4.79365 -4.54262 -4.23476 -3.81640 -3.11788  0.07076  3.11624  3.81628  4.23312  4.54040  4.79353  5.01331  5.22122  5.43378  5.68330  6.03077  6.31814  6.50565  6.66050 
 4  3 -6.61567 -6.48945 -6.31005 -5.68311 -5.43219 -5.21871 -5.01039 -4.78814 -4.53709 -4.22890 -3.80717 -3.10281  0.02196  3.11752  3.81583  4.23683  4.54401  4.79358  5.01513  5.22144  5.43134  5.68201  6.02881  6.31625  6.50689  6.65290 
 4  4 -6.64174 -6.48789 -6.30868 -5.67694 -5.42793 -5.21664 -5.00873 -4.78718 -4.53556 -4.22507 -3.80292 -3.09819  0.12083  3.11935  3.81247  4.22827  4.53451  4.78848  5.01060  5.21830  5.42888  5.67889  6.02528  6.31210  6.49797  6.62412 
 4  5 -6.61891 -6.48740 -6.30227 -5.67293 -5.42256 -5.20985 -5.00228 -4.78039 -4.52873 -4.21960 -3.80059 -3.09682  0.14784  3.11213  3.80942  4.22740  4.53318  4.78470  5.00606  5.21358  5.42546  5.67545  6.02115  6.30359  6.49123  6.59704 
 4  6 -6.60765 -6.49188 -6.30373 -5.66651 -5.41696 -5.20417 -4.99710 -4.77726 -4.52587 -4.22012 -3.79772 -3.09297 -0.06002  3.09494  3.79441  4.21185  4.52244  4.77483  4.99690  5.20605  5.41772  5.66725  6.01578  6.29915  6.49502  6.63558 
 4  7 -5.67047 -5.55333 -5.36123 -4.73823 -4.48685 -4.27490 -4.06658 -3.84403 -3.59124 -3.28565 -2.86488 -2.16237  0.05765  2.18752  2.87611  3.28976  3.59817  3.84944  4.06866  4.27628  4.48763  4.73766  5.08572  5.36915  5.56157  5.69724 
 4  8 -5.11246 -4.98917 -4.79219 -4.16716 -3.92008 -3.70836 -3.50057 -3.28002 -3.03079 -2.72586 -2.31428 -1.64553 -0.02087  1.61619  2.29444  2.71253  3.02189  3.27298  3.49532  3.70235  3.91480  4.16587  4.51106  4.79434  4.98214  5.13252 
 4  9 -4.78081 -4.64354 -4.44975 -3.81920 -3.57060 -3.35825 -3.15166 -2.93188 -2.68383 -2.38161 -1.97448 -1.32895 -0.01280  1.31373  1.96534  2.37720  2.68119  2.92867  3.15024  3.35936  3.56998  3.81831  4.16480  4.45064  4.63340  4.78059 
 4 10 -4.77658 -4.63894 -4.44559 -3.81463 -3.56788 -3.35557 -3.14835 -2.92902 -2.67909 -2.37359 -1.96602 -1.32483 -0.02154  1.30831  1.95858  2.36767  2.67145  2.92404  3.14410  3.35193  3.56476  3.81486  4.15845  4.44158  4.62431  4.75377 
 4 11 -4.41432 -4.30642 -4.10673 -3.48055 -3.22952 -3.01697 -2.80981 -2.59103 -2.34253 -2.04199 -1.64191 -1.03688  0.00932  1.04494  1.64856  2.04606  2.34544  2.59287  2.81134  3.01843  3.22978  3.48168  3.82674  4.11443  4.30089  4.46580 
 4 12 -4.43196 -4.28809 -4.10824 -3.47979 -3.23064 -3.01953 -2.81233 -2.59528 -2.34475 -2.04264 -1.64120 -1.03021  0.01655  1.05233  1.65426  2.05092  2.35131  2.59819  2.81565  3.02182  3.23402  3.48240  3.83070  4.10833  4.29651  4.44861 
 4 13 -3.95107 -3.87027 -3.73744 -3.27843 -3.08679 -2.92119 -2.75570 -2.58167 -2.38647 -2.15515 -1.86716 -1.46908 -0.83585  0.20221  1.13537  1.70465  2.10196  2.41635  2.68447  2.93685  3.19397  3.49660  3.92004  4.27874  4.51986  4.74220 
 4 14 -3.83541 -3.73989 -3.62297 -3.21155 -3.04345 -2.89752 -2.75303 -2.60008 -2.43008 -2.23060 -1.98370 -1.64980 -1.14496 -0.26556  0.84877  1.55612  2.02043  2.37007  2.66844  2.94082  3.21421  3.53733  3.98826  4.36613  4.60830  4.78038 
 4 15 -3.70243 -3.62320 -3.51212 -3.13767 -2.98575 -2.85626 -2.72927 -2.59464 -2.44596 -2.27507 -2.06441 -1.78952 -1.39840 -0.74321  0.35553  1.28859  1.86507  2.28436  2.62896  2.93464  3.23396  3.57232  4.04956  4.44374  4.70483  4.90061 
 4 16 -3.14940 -3.07896 -2.98531 -2.68222 -2.57178 -2.48162 -2.39810 -2.31441 -2.22650 -2.13152 -2.02398 -1.89830 -1.74390 -1.54267 -1.26082 -0.81596 -0.04423  0.93088  1.67434  2.27575  2.85722  3.55606  4.48238  4.89167  5.24011  5.45704 
 4 17 -2.88941 -2.81194 -2.71377 -2.42486 -2.32145 -2.23920 -2.16379 -2.09029 -2.01488 -1.93538 -1.84649 -1.74664 -1.62868 -1.48330 -1.29406 -1.02669 -0.60652  0.08552  0.94851  1.70249  2.40510  3.24843  4.55589  5.28455  5.47591  5.81503 
 4 18 -2.69703 -2.62953 -2.53866 -2.25202 -2.15143 -2.07219 -2.00081 -1.93197 -1.86143 -1.78747 -1.70773 -1.61869 -1.51510 -1.39101 -1.23500 -1.02480 -0.71850 -0.22549  0.51003  1.30533  2.06999  2.98175  4.47733  5.52319  5.73122  5.99237 
 4 19 -2.55060 -2.49645 -2.40565 -2.12422 -2.02563 -1.94776 -1.87867 -1.81166 -1.74412 -1.67343 -1.59783 -1.51441 -1.42031 -1.30783 -1.17019 -0.98959 -0.73380 -0.34559  0.25889  1.02281  1.81587  2.77146  4.36533  5.68590  5.97971  6.10748 
 4 20 -2.45387 -2.38775 -2.30552 -2.02511 -1.92734 -1.85030 -1.78201 -1.71604 -1.65051 -1.58283 -1.51037 -1.43165 -1.34193 -1.23714 -1.11020 -0.94723 -0.72486 -0.39839  0.11034  0.81996  1.61760  2.59048  4.23095  5.74887  6.16675  6.21784 
 4 21 -2.37491 -2.30430 -2.21851 -1.94388 -1.84694 -1.77178 -1.70428 -1.63980 -1.57522 -1.50933 -1.43899 -1.36174 -1.27563 -1.17618 -1.05716 -0.90624 -0.70442 -0.41642  0.02653  0.67036  1.46485  2.46205  4.17110  5.83342  6.32237  6.39670 
 4 22 -2.29528 -2.23955 -2.15086 -1.87678 -1.78078 -1.70630 -1.63883 -1.57509 -1.51170 -1.44666 -1.37793 -1.30356 -1.22000 -1.12468 -1.01087 -0.87028 -0.68568 -0.42314 -0.02929  0.56502  1.34010  2.33755  4.05671  5.81015  6.45902  6.54738 
 4 23 -2.24593 -2.17765 -2.09248 -1.82003 -1.72485 -1.65155 -1.58511 -1.52235 -1.45970 -1.39584 -1.32774 -1.25475 -1.17385 -1.08214 -0.97415 -0.84108 -0.66724 -0.42661 -0.07050  0.47479  1.22198  2.22892  3.96639  5.79167  6.56754  6.68198 
 4 24 -2.15040 -2.09857 -2.02263 -1.77036 -1.67797 -1.60556 -1.54049 -1.47813 -1.41633 -1.35285 -1.28604 -1.21436 -1.13485 -1.04433 -0.93860 -0.80898 -0.64267 -0.41732 -0.08833  0.41673  1.13282  2.13436  3.90563  5.80383  6.66654  6.79604 
 4 25 -2.10610 -2.05121 -1.97615 -1.72732 -1.63594 -1.56411 -1.49948 -1.43748 -1.37656 -1.31393 -1.24810 -1.17819 -1.10053 -1.01257 -0.91029 -0.78550 -0.62817 -0.41415 -0.10456  0.36629  1.05633  2.05935  3.84487  5.83329  6.73543  6.90544 
 4 26 -2.06712 -2.01001 -1.93633 -1.69020 -1.59915 -1.52809 -1.46365 -1.40273 -1.34213 -1.27974 -1.21517 -1.14521 -1.06835 -0.98201 -0.88172 -0.76101 -0.60806 -0.40253 -0.11294  0.32963  1.00008  1.99725  3.79253  5.78159  6.79215  6.99388 
 4 27 -2.01422 -1.97241 -1.90258 -1.65725 -1.56679 -1.49573 -1.43231 -1.37206 -1.31228 -1.25079 -1.18616 -1.11744 -1.04237 -0.95792 -0.86062 -0.74360 -0.59631 -0.40088 -0.12448  0.28926  0.93151  1.92287  3.74585  5.82564  6.85824  7.09191 
 5  0 -6.59905 -6.45735 -6.27438 -5.64237 -5.39322 -5.18215 -4.97424 -4.75408 -4.50109 -4.19158 -3.76953 -3.06561  0.07694  3.07409  3.77374  4.19167  4.49901  4.74991  4.97076  5.17920  5.39114  5.64167  5.98867  6.27563  6.46342  6.59944 
 5  1 -6.59719 -6.45989 -6.27663 -5.65023 -5.39979 -5.18746 -4.98091 -4.75965 -4.50893 -4.20344 -3.78695 -3.09218 -0.10283  3.07465  3.77830  4.19833  4.50724  4.75733  4.97952  5.18695  5.39835  5.64986  5.99733  6.27363  6.46633  6.61402 
 5  2 -6.60812 -6.46798 -6.28603 -5.65364 -5.40431 -5.19143 -4.98333 -4.76153 -4.50988 -4.19950 -3.77568 -3.06262  0.18943  3.09924  3.78906  4.20382  4.51063  4.76285  4.98443  5.19165  5.40423  5.65393  5.99852  6.28386  6.46333  6.59040 
 5  3 -6.59307 -6.46512 -6.28104 -5.65060 -5.40175 -5.18895 -4.98022 -4.75707 -4.50616 -4.19751 -3.77520 -3.07401  0.01846  3.08237  3.77917  4.19771  4.50629  4.75871  4.98258  5.19099  5.40335  5.65077  5.99593  6.28330  6.48029  6.59181 
 5  4 -6.58879 -6.45009 -6.26916 -5.64592 -5.39754 -5.18605 -4.97772 -4.75735 -4.50661 -4.20043 -3.78201 -3.08521 -0.12454  3.06086  3.76875  4.19222  4.50267  4.75482  4.97556  5.18338  5.39589  5.64551  5.99288  6.27681  6.46677  6.62640 
 5  5 -6.59052 -6.45132 -6.27199 -5.64133 -5.39204 -5.17904 -4.96991 -4.74871 -4.49741 -4.19059 -3.76911 -3.07208  0.02306  3.07135  3.77193  4.19104  4.49869  4.75136  4.97190  5.18003  5.39228  5.64260  5.99014  6.27474  6.46129  6.60129 
 5  6 -6.57979 -6.45231 -6.27060 -5.63527 -5.38491 -5.17342 -4.96496 -4.74479 -4.49243 -4.18713 -3.77089 -3.07211 -0.05792  3.05855  3.76083  4.18107  4.49063  4.74301  4.96523  5.17350  5.38630  5.63434  5.98142  6.26480  6.44025  6.59674 
 5  7 -5.51650 -5.39026 -5.20158 -4.57140 -4.32336 -4.11289 -3.90466 -3.68405 -3.43012 -3.12331 -2.70501 -2.01467  0.06916  2.03554  2.71479  3.13038  3.43584  3.68563  3.90540  4.11391  4.32570  4.57400  4.92145  5.20383  5.38937  5.50810 
 5  8 -5.03741 -4.91680 -4.73856 -4.10745 -3.85843 -3.64588 -3.43986 -3.22084 -2.97044 -2.66361 -2.25108 -1.58393 -0.02323  1.56735  2.24239  2.66033  2.96765  3.21803  3.43886  3.64613  3.85866  4.10804  4.45646  4.74127  4.90483  5.01629 
 5  9 -4.76650 -4.59646 -4.41665 -3.78644 -3.53596 -3.32539 -3.11716 -2.89687 -2.64762 -2.34385 -1.94013 -1.30594 -0.01582  1.28424  1.93369  2.34174  2.64680  2.89527  3.11582  3.32369  3.53539  3.78663  4.13310  4.41465  4.59795  4.73885 
 5 10 -4.74124 -4.60688 -4.40862 -3.77945 -3.52942 -3.31623 -3.10967 -2.88968 -2.63847 -2.33248 -1.92134 -1.26589  0.03498  1.30457  1.94063  2.34591  2.64562  2.89352  3.11260  3.31966  3.53032  3.77935  4.12460  4.40589  4.60504  4.76046 
 5 11 -4.42563 -4.28506 -4.10152 -3.47308 -3.22329 -3.01248 -2.80525 -2.58406 -2.33754 -2.03712 -1.63967 -1.03148  0.01424  1.04794  1.64229  2.04014  2.33884  2.58707  2.80609  3.01332  3.22589  3.47282  3.82202  4.10442  4.28399  4.43662 
 5 12 -4.45078 -4.29512 -4.09980 -3.47099 -3.22244 -3.01119 -2.80541 -2.58738 -2.33869 -2.03947 -1.64405 -1.04174 -0.01405  1.03113  1.63484  2.03601  2.33596  2.58572  2.80532  3.01152  3.22313  3.47232  3.81758  4.10102  4.28471  4.42170 
 5 13 -3.94010 -3.84901 -3.72461 -3.26233 -3.07001 -2.90301 -2.73899 -2.56503 -2.36969 -2.13891 -1.84739 -1.44775 -0.81936  0.22723  1.14390  1.70832  2.10288  2.41257  2.68069  2.92974  3.18370  3.48308  3.90742  4.26700  4.50558  4.67499 
 5 14 -3.80559 -3.73570 -3.60986 -3.19476 -3.02397 -2.87760 -2.73371 -2.58101 -2.41022 -2.21226 -1.96617 -1.63321 -1.13906 -0.27852  0.80877  1.52489  1.99309  2.34497  2.64432  2.91963  3.19628  3.51866  3.97042  4.34516  4.59446  4.80133 
 5 15 -3.68573 -3.61360 -3.50660 -3.12304 -2.96875 -2.83613 -2.70840 -2.57412 -2.42522 -2.25365 -2.04538 -1.77294 -1.38475 -0.74297  0.32692  1.25356  1.83536  2.25620  2.60248  2.91137  3.21134  3.55230  4.03277  4.42994  4.69389  4.87872 
 5 16 -3.16558 -3.08648 -2.98451 -2.67210 -2.55645 -2.46305 -2.37592 -2.29004 -2.19979 -2.10223 -1.99211 -1.86312 -1.70525 -1.50068 -1.21321 -0.76495 -0.00420  0.92500  1.65045  2.24864  2.82942  3.53146  4.47258  4.88000  5.23088  5.43278 
 5 17 -2.88046 -2.81613 -2.72017 -2.41864 -2.31102 -2.22462 -2.14665 -2.06979 -1.99079 -1.90728 -1.81519 -1.71196 -1.58925 -1.43973 -1.24456 -0.96935 -0.54452  0.13722  0.96029  1.68644  2.37754  3.21667  4.52877  5.28428  5.45253  5.77809 
 5 18 -2.71137 -2.63490 -2.54194 -2.25038 -2.14495 -2.06209 -1.98668 -1.91406 -1.83989 -1.76216 -1.67841 -1.58468 -1.47628 -1.34795 -1.18561 -0.96742 -0.65507 -0.16632  0.54515  1.29845  2.04092  2.95005  4.44552  5.52242  5.73192  5.95220 
 5 19 -2.57905 -2.50697 -2.41137 -2.12427 -2.02205 -1.94074 -1.86685 -1.79559 -1.72402 -1.64972 -1.57034 -1.48250 -1.38275 -1.26503 -1.12036 -0.93198 -0.67023 -0.27824  0.31070  1.03505  1.80136  2.74312  4.33844  5.66257  5.97768  6.11838 
 5 20 -2.47323 -2.39846 -2.31078 -2.02504 -1.92410 -1.84472 -1.77350 -1.70412 -1.63482 -1.56244 -1.48536 -1.40097 -1.30485 -1.19378 -1.06014 -0.88983 -0.66125 -0.32851  0.16856  0.83982  1.60239  2.56182  4.22156  5.73827  6.16720  6.24529 
 5 21 -2.38903 -2.32191 -2.23025 -1.94509 -1.84559 -1.76760 -1.69736 -1.62957 -1.56176 -1.49132 -1.41650 -1.33491 -1.24343 -1.13826 -1.01293 -0.85523 -0.64735 -0.35225  0.08340  0.69513  1.44666  2.41726  4.11060  5.79336  6.32174  6.40789 
 5 22 -2.26918 -2.21244 -2.13808 -1.87763 -1.78186 -1.70494 -1.63578 -1.56936 -1.50239 -1.43311 -1.35897 -1.27872 -1.18918 -1.08697 -0.96505 -0.81520 -0.61928 -0.35059  0.04138  0.59927  1.32383  2.30394  4.02717  5.79735  6.44177  6.53989 
 5 23 -2.20077 -2.15176 -2.07946 -1.82177 -1.72652 -1.65066 -1.58236 -1.51652 -1.45036 -1.38217 -1.31003 -1.23059 -1.14299 -1.04396 -0.92673 -0.78315 -0.59800 -0.34760  0.01259  0.52922  1.22505  2.20289  3.93280  5.80484  6.54828  6.67810 
 5 24 -2.14828 -2.09834 -2.02406 -1.77196 -1.67868 -1.60412 -1.53663 -1.47181 -1.40642 -1.33927 -1.26831 -1.19152 -1.10632 -1.00955 -0.89625 -0.75796 -0.58128 -0.34840 -0.01729  0.46585  1.13691  2.10746  3.86713  5.82686  6.66027  6.80604 
 5 25 -2.10330 -2.05438 -1.98177 -1.73031 -1.63727 -1.56376 -1.49680 -1.43268 -1.36848 -1.30220 -1.23205 -1.15637 -1.07285 -0.97796 -0.86815 -0.73393 -0.56591 -0.34237 -0.03123  0.42198  1.06730  2.03950  3.79053  5.76964  6.70944  6.90885 
 5 26 -2.06268 -2.01370 -1.94177 -1.69213 -1.60076 -1.52839 -1.46242 -1.39862 -1.33490 -1.26983 -1.20119 -1.12716 -1.04521 -0.95280 -0.84492 -0.71521 -0.55432 -0.34225 -0.04691  0.38260  1.00199  1.95893  3.72496  5.75685  6.80011  7.01405 
 5 27 -2.02848 -1.97970 -1.90442 -1.65896 -1.56918 -1.49716 -1.43175 -1.36832 -1.30573 -1.24074 -1.17234 -1.09869 -1.01729 -0.92520 -0.81945 -0.69337 -0.53606 -0.33146 -0.05036  0.35762  0.95667  1.90073  3.67734  5.76200  6.85681  7.08679 
 6  0 -6.64311 -6.52668 -6.34813 -5.71677 -5.46707 -5.25476 -5.04763 -4.82460 -4.57402 -4.26736 -3.85182 -3.15870 -0.09498  3.13592  3.83725  4.25758  4.56944  4.82159  5.04255  5.25125  5.46463  5.71569  6.06073  6.35064  6.54517  6.67723 
 6  1 -6.65273 -6.52713 -6.34982 -5.72449 -5.47501 -5.26187 -5.05441 -4.83095 -4.58001 -4.27356 -3.85103 -3.14243  0.22362  3.16985  3.86230  4.27710  4.58280  4.83174  5.05393  5.26230  5.47319  5.72320  6.07305  6.35286  6.54156  6.67178 
 6  2 -6.68210 -6.55294 -6.35798 -5.73031 -5.47967 -5.26811 -5.05905 -4.83879 -4.58708 -4.27863 -3.86234 -3.16703 -0.13104  3.14815  3.85058  4.27035  4.58250  4.83516  5.05548  5.26358  5.47456  5.72470  6.07224  6.35521  6.54774  6.67911 
 6  3 -6.66507 -6.54423 -6.35804 -5.72688 -5.47721 -5.26549 -5.05768 -4.83615 -4.58334 -4.27291 -3.85282 -3.15189 -0.03744  3.14883  3.85297  4.27377  4.58255  4.83587  5.05656  5.26359  5.47649  5.72642  6.07371  6.35864  6.55003  6.71086 
 6  4 -6.66722 -6.53559 -6.34766 -5.72307 -5.47063 -5.25762 -5.05007 -4.82869 -4.57813 -4.26742 -3.84951 -3.14749  0.09805  3.15886  3.85631  4.27434  4.58121  4.83207  5.05232  5.26084  5.47276  5.72167  6.06639  6.34916  6.53670  6.67437 
 6  5 -6.63814 -6.52312 -6.34535 -5.71445 -5.46370 -5.25040 -5.04203 -4.82218 -4.57280 -4.26359 -3.84607 -3.14037  0.08779  3.15588  3.85371  4.26831  4.57434  4.82577  5.04510  5.25253  5.46426  5.71246  6.05876  6.34934  6.53416  6.68734 
 6  6 -6.64715 -6.51892 -6.33668 -5.70871 -5.45985 -5.24758 -5.03997 -4.81654 -4.56272 -4.25278 -3.83175 -3.12258  0.18976  3.15185  3.84449  4.25568  4.56341  4.81638  5.03727  5.24816  5.46089  5.70889  6.05472  6.34046  6.51838  6.65946 
 6  7 -5.92720 -5.80004 -5.61460 -4.98732 -4.73861 -4.52582 -4.31658 -4.09563 -3.84296 -3.53399 -3.11358 -2.41414  0.07387  2.43945  3.12671  3.54268  3.84809  4.09823  4.32057  4.52855  4.74125  4.99020  5.33696  5.62386  5.80714  5.92084 
 6  8 -5.22191 -5.08548 -4.90484 -4.27219 -4.02321 -3.81150 -3.60373 -3.38336 -3.12946 -2.82372 -2.40938 -1.73915 -0.01012  1.73068  2.41240  2.82872  3.13340  3.38489  3.60368  3.81300  4.02444  4.27248  4.62005  4.90392  5.09444  5.25235 
 6  9 -4.99527 -4.86232 -4.68029 -4.04709 -3.79781 -3.58571 -3.37679 -3.15659 -2.90557 -2.60175 -2.18935 -1.52353  0.00172  1.52065  2.18448  2.59883  2.90409  3.15498  3.37519  3.58195  3.79385  4.04422  4.39000  4.67145  4.84475  4.98280 
 6 10 -4.81970 -4.66402 -4.48276 -3.85327 -3.60331 -3.39062 -3.18367 -2.96353 -2.71456 -2.41217 -2.00466 -1.35722 -0.01400  1.34723  1.99683  2.40456  2.71031  2.96218  3.18324  3.39032  3.60253  3.85300  4.20043  4.48561  4.66362  4.78145 
 6 11 -4.56287 -4.41376 -4.21418 -3.58610 -3.33617 -3.12414 -2.91717 -2.69570 -2.44538 -2.14175 -1.73832 -1.11479  0.02014  1.12835  1.74604  2.14881  2.45153  2.70000  2.91927  3.12562  3.33692  3.58444  3.93107  4.21390  4.40171  4.54724 
 6 12 -4.51771 -4.39724 -4.21330 -3.58673 -3.33620 -3.12490 -2.91846 -2.69931 -2.44891 -2.14586 -1.74417 -1.12338 -0.00456  1.12033  1.74175  2.14570  2.44764  2.69834  2.91820  3.12541  3.33547  3.58535  3.93197  4.21523  4.40458  4.54946 
 6 13 -4.10989 -4.00865 -3.87954 -3.39330 -3.19575 -3.02252 -2.85273 -2.67220 -2.47242 -2.23446 -1.93133 -1.50733 -0.81106  0.34764  1.28295  1.83727  2.22404  2.52883  2.79238  3.03924  3.29013  3.58616  4.00108  4.34573  4.56689  4.79461 
 6 14 -3.98293 -3.88608 -3.77028 -3.33591 -3.15690 -3.00291 -2.85041 -2.68840 -2.50700 -2.29620 -2.03019 -1.66685 -1.11006 -0.08587  1.03948  1.70411  2.14346  2.48108  2.76957  3.03298  3.30133  3.61554  4.05802  4.42894  4.67226  4.81522 
 6 15 -3.86826 -3.78968 -3.67037 -3.27094 -3.10828 -2.96915 -2.83221 -2.69019 -2.53148 -2.34810 -2.12152 -1.82087 -1.37602 -0.59156  0.64164  1.49508  2.02375  2.41483  2.73800  3.02789  3.31516  3.64836  4.11543  4.50900  4.75524  4.99145 
 6 16 -3.34814 -3.27023 -3.17357 -2.84888 -2.72810 -2.62937 -2.53758 -2.44540 -2.34947 -2.24476 -2.12570 -1.98529 -1.81183 -1.58012 -1.24431 -0.68995  0.27380  1.23085  1.91464  2.47287  3.02108  3.69261  4.54076  4.93493  5.26162  5.48964 
 6 17 -3.08381 -3.00615 -2.90792 -2.60143 -2.48953 -2.39957 -2.31719 -2.23607 -2.15268 -2.06397 -1.96530 -1.85190 -1.71807 -1.55110 -1.33096 -1.01362 -0.48599  0.35522  1.22611  1.92541  2.59325  3.40880  4.64960  5.31051  5.53544  5.87821 
 6 18 -2.89204 -2.82918 -2.73822 -2.43457 -2.32662 -2.24045 -2.16200 -2.08525 -2.00605 -1.92366 -1.83278 -1.73111 -1.61257 -1.46744 -1.28307 -1.03099 -0.64824 -0.03181  0.78496  1.55190  2.27601  3.15791  4.59640  5.56139  5.74686  5.97463 
 6 19 -2.76524 -2.70171 -2.60450 -2.30944 -2.20503 -2.12172 -2.04546 -1.97131 -1.89550 -1.81602 -1.73007 -1.63415 -1.52454 -1.39338 -1.22831 -1.00960 -0.69711 -0.20701  0.49981  1.27078  2.02693  2.94866  4.49623  5.73056  5.98606  6.13627 
 6 20 -2.66668 -2.59771 -2.50573 -2.21089 -2.10796 -2.02594 -1.95172 -1.87947 -1.80601 -1.72877 -1.64548 -1.55332 -1.44836 -1.32492 -1.17247 -0.97293 -0.69755 -0.28124  0.33232  1.07249  1.83513  2.78306  4.39092  5.80717  6.17857  6.23586 
 6 21 -2.60422 -2.52270 -2.42013 -2.13081 -2.02897 -1.94905 -1.87626 -1.80552 -1.73377 -1.65929 -1.57868 -1.48959 -1.38917 -1.27121 -1.12720 -0.94185 -0.69132 -0.32519  0.22112  0.91535  1.67738  2.64065  4.31311  5.89999  6.34856  6.40451 
 6 22 -2.45221 -2.40186 -2.32880 -2.06314 -1.96525 -1.88742 -1.81650 -1.74671 -1.67609 -1.60280 -1.52354 -1.43684 -1.33762 -1.22277 -1.08288 -0.90714 -0.67246 -0.33557  0.15422  0.79952  1.54693  2.51969  4.21974  5.91462  6.45630  6.55088 
 6 23 -2.39899 -2.34530 -2.26758 -2.00558 -1.90909 -1.83244 -1.76210 -1.69357 -1.62471 -1.55183 -1.47425 -1.38863 -1.29220 -1.17931 -1.04448 -0.87685 -0.65361 -0.34409  0.10173  0.70929  1.44137  2.41571  4.13599  5.91488  6.58006  6.68149 
 6 24 -2.34288 -2.29809 -2.21887 -1.95686 -1.86215 -1.78579 -1.71664 -1.64866 -1.58033 -1.50852 -1.43245 -1.34876 -1.25408 -1.14449 -1.01299 -0.85005 -0.63705 -0.34251  0.07783  0.64760  1.35976  2.32464  4.06752  5.92404  6.69190  6.80617 
 6 25 -2.31099 -2.24629 -2.17044 -1.91355 -1.81903 -1.74382 -1.67580 -1.60961 -1.54234 -1.47222 -1.39681 -1.31405 -1.22134 -1.11445 -0.98693 -0.82899 -0.62573 -0.34856  0.04523  0.58892  1.28022  2.25473  4.01663  5.92527  6.77938  6.90991 
 6 26 -2.26430 -2.21294 -2.13196 -1.87541 -1.78217 -1.70751 -1.63957 -1.57376 -1.50744 -1.43789 -1.36386 -1.28232 -1.19159 -1.08642 -0.96242 -0.80920 -0.61119 -0.34602  0.03180  0.54759  1.21677  2.18313  3.94544  5.93911  6.85911  7.00569 
 6 27 -2.22978 -2.16725 -2.09427 -1.84080 -1.74872 -1.67520 -1.60834 -1.54365 -1.47817 -1.40955 -1.33549 -1.25556 -1.16514 -1.06124 -0.93906 -0.78955 -0.59705 -0.33895  0.01778  0.50944  1.16330  2.11452  3.87228  5.90848  6.89399  7.10212 
 7  0  0.00000  0.00000  0.00000  0.00000  0.00000  0.00000  0.00000  0.00000  0.00000  0.00000  0.00000  0.00000  0.00000  0.00000  0.00000  0.00000  0.00000  0.00000  0.00000  0.00000  0.00000  0.00000  0.00000  0.00000  0.00000  0.00000 
 7  1  0.00000  0.00000  0.00000  0.00000  0.00000  0.00000  0.00000  0.00000  0.00000  0.00000  0.00000  0.00000  0.00000  0.00000  0.00000  0.00000  0.00000  0.00000  0.00000  0.00000  0.00000  0.00000  0.00000  0.00000  0.00000  0.00000 
 7  2  0.00000  0.00000  0.00000  0.00000  0.00000  0.00000  0.00000  0.00000  0.00000  0.00000  0.00000  0.00000  0.00000  0.00000  0.00000  0.00000  0.00000  0.00000  0.00000  0.00000  0.00000  0.00000  0.00000  0.00000  0.00000  0.00000 
 7  3  0.00000  0.00000  0.00000  0.00000  0.00000  0.00000  0.00000  0.00000  0.00000  0.00000  0.00000  0.00000  0.00000  0.00000  0.00000  0.00000  0.00000  0.00000  0.00000  0.00000  0.00000  0.00000  0.00000  0.00000  0.00000  0.00000 
 7  4  0.00000  0.00000  0.00000  0.00000  0.00000  0.00000  0.00000  0.00000  0.00000  0.00000  0.00000  0.00000  0.00000  0.00000  0.00000  0.00000  0.00000  0.00000  0.00000  0.00000  0.00000  0.00000  0.00000  0.00000  0.00000  0.00000 
 7  5  0.00000  0.00000  0.00000  0.00000  0.00000  0.00000  0.00000  0.00000  0.00000  0.00000  0.00000  0.00000  0.00000  0.00000  0.00000  0.00000  0.00000  0.00000  0.00000  0.00000  0.00000  0.00000  0.00000  0.00000  0.00000  0.00000 
 7  6  0.00000  0.00000  0.00000  0.00000  0.00000  0.00000  0.00000  0.00000  0.00000  0.00000  0.00000  0.00000  0.00000  0.00000  0.00000  0.00000  0.00000  0.00000  0.00000  0.00000  0.00000  0.00000  0.00000  0.00000  0.00000  0.00000 
 7  7  0.00000  0.00000  0.00000  0.00000  0.00000  0.00000  0.00000  0.00000  0.00000  0.00000  0.00000  0.00000  0.00000  0.00000  0.00000  0.00000  0.00000  0.00000  0.00000  0.00000  0.00000  0.00000  0.00000  0.00000  0.00000  0.00000 
 7  8  0.00000  0.00000  0.00000  0.00000  0.00000  0.00000  0.00000  0.00000  0.00000  0.00000  0.00000  0.00000  0.00000  0.00000  0.00000  0.00000  0.00000  0.00000  0.00000  0.00000  0.00000  0.00000  0.00000  0.00000  0.00000  0.00000 
 7  9  0.00000  0.00000  0.00000  0.00000  0.00000  0.00000  0.00000  0.00000  0.00000  0.00000  0.00000  0.00000  0.00000  0.00000  0.00000  0.00000  0.00000  0.00000  0.00000  0.00000  0.00000  0.00000  0.00000  0.00000  0.00000  0.00000 
 7 10  0.00000  0.00000  0.00000  0.00000  0.00000  0.00000  0.00000  0.00000  0.00000  0.00000  0.00000  0.00000  0.00000  0.00000  0.00000  0.00000  0.00000  0.00000  0.00000  0.00000  0.00000  0.00000  0.00000  0.00000  0.00000  0.00000 
 7 11  0.00000  0.00000  0.00000  0.00000  0.00000  0.00000  0.00000  0.00000  0.00000  0.00000  0.00000  0.00000  0.00000  0.00000  0.00000  0.00000  0.00000  0.00000  0.00000  0.00000  0.00000  0.00000  0.00000  0.00000  0.00000  0.00000 
 7 12  0.00000  0.00000  0.00000  0.00000  0.00000  0.00000  0.00000  0.00000  0.00000  0.00000  0.00000  0.00000  0.00000  0.00000  0.00000  0.00000  0.00000  0.00000  0.00000  0.00000  0.00000  0.00000  0.00000  0.00000  0.00000  0.00000 
 7 13  0.00000  0.00000  0.00000  0.00000  0.00000  0.00000  0.00000  0.00000  0.00000  0.00000  0.00000  0.00000  0.00000  0.00000  0.00000  0.00000  0.00000  0.00000  0.00000  0.00000  0.00000  0.00000  0.00000  0.00000  0.00000  0.00000 
 7 14  0.00000  0.00000  0.00000  0.00000  0.00000  0.00000  0.00000  0.00000  0.00000  0.00000  0.00000  0.00000  0.00000  0.00000  0.00000  0.00000  0.00000  0.00000  0.00000  0.00000  0.00000  0.00000  0.00000  0.00000  0.00000  0.00000 
 7 15  0.00000  0.00000  0.00000  0.00000  0.00000  0.00000  0.00000  0.00000  0.00000  0.00000  0.00000  0.00000  0.00000  0.00000  0.00000  0.00000  0.00000  0.00000  0.00000  0.00000  0.00000  0.00000  0.00000  0.00000  0.00000  0.00000 
 7 16  0.00000  0.00000  0.00000  0.00000  0.00000  0.00000  0.00000  0.00000  0.00000  0.00000  0.00000  0.00000  0.00000  0.00000  0.00000  0.00000  0.00000  0.00000  0.00000  0.00000  0.00000  0.00000  0.00000  0.00000  0.00000  0.00000 
 7 17  0.00000  0.00000  0.00000  0.00000  0.00000  0.00000  0.00000  0.00000  0.00000  0.00000  0.00000  0.00000  0.00000  0.00000  0.00000  0.00000  0.00000  0.00000  0.00000  0.00000  0.00000  0.00000  0.00000  0.00000  0.00000  0.00000 
 7 18  0.00000  0.00000  0.00000  0.00000  0.00000  0.00000  0.00000  0.00000  0.00000  0.00000  0.00000  0.00000  0.00000  0.00000  0.00000  0.00000  0.00000  0.00000  0.00000  0.00000  0.00000  0.00000  0.00000  0.00000  0.00000  0.00000 
 7 19  0.00000  0.00000  0.00000  0.00000  0.00000  0.00000  0.00000  0.00000  0.00000  0.00000  0.00000  0.00000  0.00000  0.00000  0.00000  0.00000  0.00000  0.00000  0.00000  0.00000  0.00000  0.00000  0.00000  0.00000  0.00000  0.00000 
 7 20  0.00000  0.00000  0.00000  0.00000  0.00000  0.00000  0.00000  0.00000  0.00000  0.00000  0.00000  0.00000  0.00000  0.00000  0.00000  0.00000  0.00000  0.00000  0.00000  0.00000  0.00000  0.00000  0.00000  0.00000  0.00000  0.00000 
 7 21  0.00000  0.00000  0.00000  0.00000  0.00000  0.00000  0.00000  0.00000  0.00000  0.00000  0.00000  0.00000  0.00000  0.00000  0.00000  0.00000  0.00000  0.00000  0.00000  0.00000  0.00000  0.00000  0.00000  0.00000  0.00000  0.00000 
 7 22  0.00000  0.00000  0.00000  0.00000  0.00000  0.00000  0.00000  0.00000  0.00000  0.00000  0.00000  0.00000  0.00000  0.00000  0.00000  0.00000  0.00000  0.00000  0.00000  0.00000  0.00000  0.00000  0.00000  0.00000  0.00000  0.00000 
 7 23  0.00000  0.00000  0.00000  0.00000  0.00000  0.00000  0.00000  0.00000  0.00000  0.00000  0.00000  0.00000  0.00000  0.00000  0.00000  0.00000  0.00000  0.00000  0.00000  0.00000  0.00000  0.00000  0.00000  0.00000  0.00000  0.00000 
 7 24  0.00000  0.00000  0.00000  0.00000  0.00000  0.00000  0.00000  0.00000  0.00000  0.00000  0.00000  0.00000  0.00000  0.00000  0.00000  0.00000  0.00000  0.00000  0.00000  0.00000  0.00000  0.00000  0.00000  0.00000  0.00000  0.00000 
 7 25  0.00000  0.00000  0.00000  0.00000  0.00000  0.00000  0.00000  0.00000  0.00000  0.00000  0.00000  0.00000  0.00000  0.00000  0.00000  0.00000  0.00000  0.00000  0.00000  0.00000  0.00000  0.00000  0.00000  0.00000  0.00000  0.00000 
 7 26  0.00000  0.00000  0.00000  0.00000  0.00000  0.00000  0.00000  0.00000  0.00000  0.00000  0.00000  0.00000  0.00000  0.00000  0.00000  0.00000  0.00000  0.00000  0.00000  0.00000  0.00000  0.00000  0.00000  0.00000  0.00000  0.00000 
 7 27  0.00000  0.00000  0.00000  0.00000  0.00000  0.00000  0.00000  0.00000  0.00000  0.00000  0.00000  0.00000  0.00000  0.00000  0.00000  0.00000  0.00000  0.00000  0.00000  0.00000  0.00000  0.00000  0.00000  0.00000  0.00000  0.00000 
 8  0 -6.53070 -6.40396 -6.21199 -5.58427 -5.33564 -5.12296 -4.91455 -4.69325 -4.44197 -4.13549 -3.71679 -3.01701 -0.03647  3.01944  3.71844  4.13557  4.44366  4.69559  4.91667  5.12382  5.33639  5.58530  5.93136  6.22057  6.41131  6.53055 
 8  1 -6.56105 -6.41317 -6.22914 -5.59218 -5.34379 -5.13075 -4.92323 -4.70327 -4.45050 -4.14140 -3.72125 -3.00887  0.05715  3.02378  3.72606  4.14301  4.45257  4.70369  4.92431  5.13137  5.34319  5.59139  5.93771  6.22070  6.41628  6.54989 
 8  2 -6.57817 -6.41696 -6.22884 -5.60005 -5.35213 -5.13829 -4.92802 -4.70623 -4.45433 -4.14856 -3.72966 -3.02816 -0.01443  3.02713  3.72931  4.14710  4.45574  4.70791  4.93007  5.13901  5.35207  5.60199  5.94789  6.23071  6.42090  6.55003 
 8  3 -6.55745 -6.42270 -6.24046 -5.61179 -5.36063 -5.14835 -4.94123 -4.72030 -4.46807 -4.15996 -3.73948 -3.04160  0.01307  3.04774  3.74215  4.16022  4.46862  4.72171  4.94266  5.14990  5.36274  5.61380  5.96180  6.24717  6.43315  6.56922 
 8  4 -6.54686 -6.43161 -6.24965 -5.61902 -5.36807 -5.15651 -4.94951 -4.72811 -4.47655 -4.16779 -3.75159 -3.05622 -0.03399  3.04454  3.74648  4.16519  4.47595  4.72765  4.95039  5.15680  5.36905  5.61861  5.96684  6.25141  6.44062  6.60837 
 8  5 -6.57545 -6.42105 -6.25166 -5.62070 -5.37042 -5.15830 -4.95006 -4.72935 -4.47686 -4.17051 -3.75103 -3.04516  0.00265  3.04505  3.74522  4.16752  4.47641  4.72857  4.95051  5.15725  5.36751  5.61883  5.96485  6.24853  6.43352  6.55295 
 8  6 -6.54376 -6.43425 -6.24567 -5.61246 -5.36355 -5.15020 -4.94219 -4.72075 -4.46934 -4.16202 -3.74201 -3.04028  0.00529  3.04847  3.75014  4.16654  4.47257  4.72380  4.94440  5.15355  5.36407  5.61407  5.96145  6.25417  6.44131  6.60675 
 8  7 -5.36926 -5.24892 -5.06587 -4.43482 -4.18647 -3.97506 -3.76643 -3.54483 -3.29356 -2.98667 -2.57162 -1.89133 -0.00050  1.88020  2.56469  2.98053  3.28795  3.53881  3.75998  3.96915  4.18131  4.43091  4.77681  5.06622  5.24940  5.39634 
 8  8 -5.00532 -4.86152 -4.67606 -4.04222 -3.79404 -3.58171 -3.37374 -3.15191 -2.90077 -2.59522 -2.18215 -1.51630  0.00932  1.52163  2.18761  2.59926  2.90327  3.15384  3.37501  3.58175  3.79451  4.04361  4.38968  4.67076  4.85521  5.01139 
 8  9 -4.68512 -4.55779 -4.38669 -3.75900 -3.50990 -3.29782 -3.08950 -2.87009 -2.61896 -2.31657 -1.91086 -1.27577 -0.00729  1.26331  1.90719  2.31386  2.61978  2.87033  3.09047  3.29874  3.51073  3.75990  4.10708  4.39364  4.58408  4.73018 
 8 10 -4.71023 -4.56647 -4.38623 -3.75261 -3.50469 -3.29086 -3.08468 -2.86431 -2.61481 -2.31030 -1.90492 -1.26677 -0.02233  1.25492  1.90332  2.31200  2.61463  2.86502  3.08631  3.29410  3.50560  3.75503  4.10093  4.38429  4.56100  4.68469 
 8 11 -4.34130 -4.22606 -4.05371 -3.43119 -3.18124 -2.96963 -2.76235 -2.54257 -2.29404 -1.99230 -1.59754 -1.00557 -0.00955  0.99173  1.59452  1.99185  2.29144  2.53962  2.75868  2.96471  3.17687  3.42555  3.77171  4.05811  4.24356  4.41621 
 8 12 -4.38738 -4.24355 -4.05547 -3.42704 -3.17759 -2.96633 -2.75861 -2.53758 -2.28798 -1.98558 -1.58949 -0.98402  0.02140  1.01693  1.60590  1.99571  2.29452  2.54003  2.76007  2.96675  3.17755  3.42699  3.77524  4.06145  4.23532  4.37345 
 8 13 -3.87101 -3.79557 -3.66767 -3.21200 -3.02236 -2.85936 -2.69695 -2.52587 -2.33198 -2.10749 -1.82669 -1.44497 -0.85018  0.12430  1.04858  1.63245  2.03552  2.35288  2.62631  2.88023  3.13701  3.44080  3.86796  4.22074  4.46305  4.69570 
 8 14 -3.74927 -3.67146 -3.54953 -3.14079 -2.97309 -2.82857 -2.68612 -2.53629 -2.36882 -2.17310 -1.93106 -1.61012 -1.13182 -0.31452  0.74288  1.45966  1.93554  2.29806  2.59827  2.87547  3.15289  3.47746  3.93410  4.31697  4.56114  4.76088 
 8 15 -3.65556 -3.56320 -3.44829 -3.06473 -2.91225 -2.78247 -2.65584 -2.52278 -2.37684 -2.20924 -2.00554 -1.74302 -1.37070 -0.76973  0.22879  1.16119  1.75651  2.18882  2.54525  2.86407  3.17104  3.51909  3.99906  4.40306  4.66575  4.86384 
 8 16 -3.10678 -3.02442 -2.92697 -2.60939 -2.49244 -2.39890 -2.31140 -2.22523 -2.13567 -2.03789 -1.92911 -1.80173 -1.64763 -1.44994 -1.17585 -0.75609 -0.06175  0.81861  1.54689  2.15079  2.73990  3.45919  4.43415  4.87000  5.21475  5.45381 
 8 17 -2.82367 -2.75460 -2.66259 -2.35803 -2.24746 -2.16058 -2.08106 -2.00275 -1.92242 -1.83899 -1.74742 -1.64471 -1.52389 -1.37676 -1.18602 -0.91942 -0.52046  0.10472  0.87334  1.59267  2.28187  3.13155  4.47878  5.27841  5.44021  5.71475 
 8 18 -2.63811 -2.57154 -2.48263 -2.18869 -2.08214 -1.99833 -1.92238 -1.84849 -1.77337 -1.69504 -1.61067 -1.51679 -1.40963 -1.28045 -1.12025 -0.90803 -0.60889 -0.15523  0.49131  1.21352  1.94938  2.85289  4.36505  5.49823  5.73012  5.93299 
 8 19 -2.52195 -2.44757 -2.35500 -2.06183 -1.95855 -1.87660 -1.80238 -1.73080 -1.65835 -1.58346 -1.50335 -1.41511 -1.31492 -1.19825 -1.05506 -0.87155 -0.62211 -0.25434  0.28349  0.96126  1.70246  2.64534  4.25037  5.64980  5.97740  6.10112 
 8 20 -2.36529 -2.31583 -2.23196 -1.96418 -1.86471 -1.78504 -1.71319 -1.64296 -1.57194 -1.49825 -1.42054 -1.33534 -1.23968 -1.12801 -0.99327 -0.82427 -0.59943 -0.28315  0.17587  0.78900  1.51616  2.47047  4.14323  5.71086  6.16115  6.25056 
 8 21 -2.27992 -2.23079 -2.14914 -1.88333 -1.78563 -1.70694 -1.63633 -1.56788 -1.49889 -1.42745 -1.35125 -1.26821 -1.17534 -1.06739 -0.93999 -0.78114 -0.57610 -0.29329  0.11168  0.66932  1.37072  2.32526  4.02336  5.74433  6.31245  6.39045 
 8 22 -2.21499 -2.15513 -2.07750 -1.81748 -1.72147 -1.64497 -1.57535 -1.50819 -1.44056 -1.37034 -1.29652 -1.21632 -1.12634 -1.02320 -0.90160 -0.75260 -0.56101 -0.30257  0.05987  0.57207  1.25546  2.21347  3.94796  5.74698  6.43647  6.55033 
 8 23 -2.14187 -2.09688 -2.01684 -1.76016 -1.66513 -1.59021 -1.52159 -1.45551 -1.38873 -1.31933 -1.24657 -1.16784 -1.07958 -0.98002 -0.86313 -0.72182 -0.54087 -0.30213  0.03261  0.50856  1.15609  2.11056  3.85055  5.75777  6.53276  6.67701 
 8 24 -2.08956 -2.03908 -1.96481 -1.71202 -1.61830 -1.54337 -1.47602 -1.41079 -1.34569 -1.27773 -1.20555 -1.12762 -1.04191 -0.94404 -0.83038 -0.69287 -0.52084 -0.29538  0.01544  0.45459  1.07417  2.01495  3.79252  5.75059  6.64603  6.79728 
 8 25 -2.04181 -1.99620 -1.92168 -1.66960 -1.57756 -1.50474 -1.43764 -1.37312 -1.30873 -1.24192 -1.17127 -1.09455 -1.00947 -0.91387 -0.80346 -0.67120 -0.50803 -0.29345 -0.00179  0.41055  0.99982  1.93776  3.70958  5.72109  6.73977  6.90289 
 8 26 -2.00751 -1.95560 -1.88124 -1.63204 -1.54053 -1.46778 -1.40229 -1.33879 -1.27486 -1.20882 -1.13879 -1.06371 -0.98106 -0.88776 -0.78028 -0.65075 -0.49184 -0.28674 -0.01103  0.38220  0.94416  1.86493  3.63478  5.67390  6.77930  6.98217 
 8 27 -1.96326 -1.92162 -1.84525 -1.59873 -1.50833 -1.43676 -1.37135 -1.30849 -1.24595 -1.18099 -1.11286 -1.03882 -0.95761 -0.86580 -0.76051 -0.63619 -0.48244 -0.28416 -0.02056  0.35268  0.90045  1.80382  3.59134  5.70945  6.85081  7.07642 
