200 0 200
AIR
PROTON
0.0268307
0.0162605
0.012053
0.00977907
0.00826906
0.00719721
0.00638214
0.00575444
0.00524147
0.00481982
0.0044676
0.00416706
0.00390804
0.00368218
0.0034834
0.00330699
0.00314928
0.00300738
0.00287897
0.00276217
0.00265545
0.00255752
0.00246733
0.00238397
0.00230665
0.00223476
0.00216773
0.00210506
0.00204634
0.00199119
0.0019393
0.00189038
0.00184417
0.00180045
0.00175902
0.0017197
0.00168234
0.00164679
0.00161291
0.00158059
0.00154972
0.00152021
0.00149196
0.00146489
0.00143893
0.00141402
0.00139008
0.00136706
0.00134491
0.00132358
0.00130302
0.00128319
0.00126406
0.00124558
0.00122773
0.00121046
0.00119376
0.00117759
0.00116193
0.00114676
0.00113205
0.00111778
0.00110392
0.00109048
0.00107741
0.00106472
0.00105237
0.00104037
0.00102869
0.00101732
0.00100625
0.000995462
0.000984953
0.000974709
0.00096472
0.000954976
0.000945469
0.000936189
0.000927129
0.000918281
0.000909637
0.000901191
0.000892934
0.000884862
0.000876968
0.000869245
0.000861689
0.000854294
0.000847055
0.000839968
0.000833026
0.000826225
0.000819562
0.000813032
0.000806631
0.000800355
0.000794201
0.000788165
0.000782244
0.000776434
0.000770732
0.000765136
0.000759642
0.000754247
0.00074895
0.000743746
0.000738634
0.000733612
0.000728676
0.000723825
0.000719056
0.000714368
0.000709759
0.000705225
0.000700766
0.00069638
0.000692065
0.000687819
0.00068364
0.000679527
0.000675479
0.000671494
0.000667569
0.000663705
0.0006599
0.000656151
0.000652459
0.000648821
0.000645237
0.000641705
0.000638224
0.000634794
0.000631412
0.000628079
0.000624792
0.000621551
0.000618355
0.000615203
0.000612095
0.000609028
0.000606004
0.000603019
0.000600074
0.000597169
0.000594301
0.000591471
0.000588678
0.000585921
0.000583199
0.000580511
0.000577858
0.000575238
0.00057265
0.000570095
0.000567571
0.000565078
0.000562616
0.000560183
0.00055778
0.000555405
0.000553059
0.00055074
0.000548448
0.000546184
0.000543945
0.000541733
0.000539546
0.000537383
0.000535246
0.000533132
0.000531043
0.000528976
0.000526933
0.000524912
0.000522913
0.000520936
0.000518981
0.000517046
0.000515133
0.00051324
0.000511367
0.000509514
0.00050768
0.000505865
0.00050407
0.000502293
0.000500534
0.000498794
0.000497071
0.000495366
0.000493678
0.000492006
0.000490352
0.000488714
0.000487093
0.000485487
0.000483897
0.000482323
0.000480763
0.000479219
