200 0 200
ADIPOSETISSUEIRCP
PROTON
25.3184
15.4346
11.3574
9.07985
7.62227
6.5959
5.8291
5.23514
4.75966
4.36996
4.04456
3.76788
3.52978
3.32256
3.14044
2.97906
2.83497
2.70547
2.58842
2.48206
2.38497
2.29595
2.21402
2.13835
2.06823
2.00306
1.94233
1.88558
1.83243
1.78255
1.73563
1.69141
1.64966
1.61018
1.57278
1.5373
1.50359
1.47152
1.44097
1.41184
1.38402
1.35743
1.33198
1.30761
1.28424
1.26181
1.24027
1.21956
1.19964
1.18046
1.16197
1.14415
1.12695
1.11035
1.09431
1.0788
1.0638
1.04928
1.03522
1.0216
1.00839
0.995581
0.983152
0.971086
0.959366
0.947978
0.936908
0.926142
0.915669
0.905475
0.89555
0.885883
0.876464
0.867284
0.858333
0.849603
0.841086
0.832773
0.824658
0.816733
0.808992
0.801429
0.794036
0.786809
0.779742
0.772829
0.766066
0.759448
0.752969
0.746626
0.740414
0.734329
0.728368
0.722526
0.7168
0.711187
0.705682
0.700284
0.694989
0.689793
0.684695
0.679691
0.674779
0.669956
0.66522
0.660569
0.656
0.65151
0.647099
0.642764
0.638502
0.634313
0.630194
0.626143
0.62216
0.618241
0.614386
0.610593
0.60686
0.603186
0.59957
0.59601
0.592506
0.589055
0.585656
0.582309
0.579012
0.575763
0.572563
0.56941
0.566302
0.563239
0.560221
0.557245
0.554311
0.551418
0.548565
0.545752
0.542977
0.540241
0.537541
0.534878
0.53225
0.529657
0.527098
0.524573
0.52208
0.51962
0.517191
0.514794
0.512426
0.510089
0.507781
0.505501
0.50325
0.501026
0.49883
0.49666
0.494516
0.492398
0.490305
0.488237
0.486194
0.484174
0.482178
0.480205
0.478254
0.476326
0.47442
0.472535
0.470672
0.46883
0.467008
0.465206
0.463424
0.461661
0.459918
0.458193
0.456487
0.4548
0.45313
0.451478
0.449844
0.448226
0.446626
0.445042
0.443475
0.441923
0.440388
0.438868
0.437363
0.435874
0.4344
0.43294
0.431495
0.430064
0.428647
0.427244
0.425855
0.424479
