200 0 200
WATER
PROTON
26.06
15.8875
11.6673
9.34924
7.87641
6.82732
6.04371
5.43671
4.9475
4.54595
4.21143
3.9255
3.67925
3.4648
3.27624
3.10909
2.95978
2.82553
2.70412
2.59374
2.49294
2.40049
2.31537
2.23673
2.16383
2.09606
2.03288
1.97384
1.91853
1.8666
1.81774
1.77169
1.72821
1.68707
1.6481
1.61112
1.57598
1.54254
1.51069
1.4803
1.45128
1.42354
1.39699
1.37155
1.34716
1.32375
1.30127
1.27965
1.25884
1.23881
1.21951
1.20089
1.18293
1.16558
1.14882
1.13262
1.11694
1.10177
1.08707
1.07283
1.05903
1.04564
1.03264
1.02003
1.00777
0.995863
0.984286
0.973026
0.962071
0.951408
0.941026
0.930913
0.921059
0.911454
0.902088
0.892953
0.884039
0.87534
0.866847
0.858553
0.85045
0.842533
0.834794
0.827229
0.81983
0.812593
0.805511
0.798581
0.791797
0.785155
0.77865
0.772278
0.766034
0.759916
0.753919
0.748039
0.742273
0.736618
0.731071
0.725629
0.720287
0.715045
0.709898
0.704845
0.699883
0.695009
0.690221
0.685517
0.680894
0.676351
0.671885
0.667494
0.663177
0.658932
0.654756
0.650649
0.646608
0.642631
0.638719
0.634867
0.631077
0.627345
0.62367
0.620052
0.616489
0.61298
0.609522
0.606117
0.602761
0.599454
0.596196
0.592984
0.589818
0.586697
0.58362
0.580587
0.577595
0.574645
0.571735
0.568864
0.566033
0.563239
0.560483
0.557763
0.555079
0.55243
0.549815
0.547235
0.544687
0.542172
0.539688
0.537236
0.534814
0.532423
0.530061
0.527728
0.525423
0.523146
0.520897
0.518675
0.516479
0.514309
0.512165
0.510045
0.507951
0.50588
0.503834
0.50181
0.49981
0.497832
0.495877
0.493943
0.492031
0.49014
0.48827
0.48642
0.48459
0.48278
0.48099
0.479219
0.477466
0.475732
0.474017
0.472319
0.470639
0.468977
0.467331
0.465703
0.464091
0.462496
0.460916
0.459353
0.457805
0.456273
0.454756
0.453253
0.451766
0.450293
0.448835
0.44739
