100 0 100
A150TISSUE
PROTON
18.4083
10.8676
7.89857
6.27026
5.23534
4.51464
3.9817
3.57048
3.24288
2.97534
2.75243
2.56365
2.40159
2.26085
2.13741
2.02821
1.93087
1.84353
1.76471
1.69318
1.62797
1.56826
1.51337
1.46273
1.41586
1.37234
1.33183
1.29402
1.25863
1.22545
1.19426
1.16489
1.13719
1.11102
1.08624
1.06275
1.04045
1.01925
0.999076
0.979845
0.961494
0.943966
0.927203
0.911158
0.895784
0.88104
0.866887
0.85329
0.840216
0.827636
0.815522
0.803849
0.792592
0.781729
0.77124
0.761106
0.751309
0.741833
0.732661
0.723779
0.715173
0.706831
0.698741
0.690891
0.683271
0.675871
0.668682
0.661694
0.654899
0.648289
0.641857
0.635595
0.629497
0.623557
0.617769
0.612126
0.606623
0.601256
0.596019
0.590908
0.585917
0.581043
0.576283
0.571631
0.567084
0.562639
0.558292
0.554041
0.549882
0.545811
0.541827
0.537927
0.534107
0.530366
0.526701
0.52311
0.519591
0.516141
0.512759
0.509442
