200 0 200
MUSCLEWITHSUCROSE
PROTON
28.6047
17.5884
12.9281
10.3573
8.72043
7.55716
6.68761
6.01412
5.47197
5.02709
4.65628
4.33967
4.06705
3.82966
3.62093
3.43593
3.27068
3.12211
2.98776
2.86564
2.75411
2.65184
2.55768
2.47069
2.39006
2.31511
2.24524
2.17995
2.11878
2.06136
2.00734
1.95642
1.90834
1.86287
1.81978
1.7789
1.74005
1.70309
1.66788
1.6343
1.60222
1.57156
1.54222
1.5141
1.48715
1.46128
1.43643
1.41254
1.38955
1.36741
1.34608
1.32551
1.30566
1.2865
1.26798
1.25007
1.23275
1.21599
1.19975
1.18402
1.16877
1.15398
1.13962
1.12568
1.11214
1.09899
1.0862
1.07376
1.06166
1.04988
1.03841
1.02724
1.01636
1.00575
0.995403
0.985313
0.975468
0.965859
0.956479
0.947318
0.938369
0.929624
0.921078
0.912722
0.90455
0.896557
0.888737
0.881083
0.873591
0.866256
0.859072
0.852035
0.84514
0.838384
0.831761
0.825268
0.818901
0.812656
0.806531
0.80052
0.794623
0.788834
0.783151
0.777571
0.772091
0.76671
0.761423
0.756228
0.751124
0.746107
0.741176
0.736328
0.731562
0.726874
0.722264
0.717729
0.713267
0.708877
0.704556
0.700304
0.696119
0.691999
0.687942
0.683947
0.680013
0.676139
0.672322
0.668562
0.664857
0.661206
0.657609
0.654063
0.650568
0.647123
0.643726
0.640376
0.637074
0.633816
0.630604
0.627435
0.624309
0.621225
0.618182
0.61518
0.612217
0.609293
0.606406
0.603557
0.600745
0.597968
0.595227
0.592519
0.589846
0.587206
0.584599
0.582023
0.579479
0.576966
0.574483
0.57203
0.569606
0.567211
0.564844
0.562504
0.560192
0.557907
0.555648
0.553414
0.551206
0.549023
0.546865
0.54473
0.54262
0.540532
0.538468
0.536426
0.534407
0.532409
0.530432
0.528477
0.526543
0.524629
0.522736
0.520862
0.519008
0.517173
0.515356
0.513559
0.51178
0.510019
0.508276
0.50655
0.504842
0.50315
0.501476
0.499818
0.498176
0.496551
0.494941
0.493346
