200 0 200
B100BONE
PROTON
34.423
21.1772
15.7312
12.6246
10.6281
9.2264
8.17085
7.35012
6.69205
6.15201
5.69946
5.3143
4.98266
4.69376
4.43929
4.21355
4.01186
3.83045
3.66636
3.51729
3.38104
3.25602
3.1409
3.03452
2.93591
2.84421
2.75873
2.67883
2.60397
2.53368
2.4676
2.40525
2.34637
2.29048
2.23768
2.18758
2.13997
2.09467
2.0515
2.01032
1.971
1.9334
1.89741
1.86294
1.82987
1.79814
1.76765
1.73833
1.71015
1.68302
1.65687
1.63166
1.60737
1.58386
1.56115
1.53919
1.51795
1.49738
1.47746
1.45816
1.43945
1.4213
1.40368
1.38657
1.36996
1.35381
1.33811
1.32284
1.30799
1.29352
1.27944
1.26573
1.25236
1.23933
1.22663
1.21424
1.20216
1.19036
1.17884
1.16758
1.15659
1.14585
1.13535
1.12508
1.11504
1.10522
1.09561
1.08621
1.077
1.06799
1.05916
1.05051
1.04203
1.03373
1.02559
1.01761
1.00978
1.00211
0.994577
0.987188
0.979938
0.972821
0.965834
0.958974
0.952237
0.94562
0.939119
0.932732
0.926456
0.920287
0.914223
0.908261
0.902399
0.896635
0.890965
0.885397
0.879909
0.87451
0.869196
0.863966
0.858818
0.85375
0.84876
0.843847
0.839007
0.834241
0.829546
0.82492
0.820362
0.815871
0.811445
0.807083
0.802783
0.798544
0.794364
0.790244
0.78618
0.782172
0.778219
0.77432
0.770474
0.766679
0.762934
0.75924
0.755593
0.751995
0.748443
0.744937
0.741476
0.738058
0.734684
0.731353
0.728063
0.724814
0.721604
0.718435
0.715303
0.71221
0.709154
0.706135
0.703151
0.700203
0.697289
0.694409
0.691563
0.68875
0.685969
0.683219
0.680501
0.677814
0.675157
0.672529
0.669931
0.667361
0.66482
0.662306
0.659819
0.65736
0.654927
0.65252
0.650138
0.647782
0.64545
0.643143
0.64086
0.638601
0.636365
0.634152
0.631961
0.629793
0.627646
0.625522
0.623418
0.621335
0.619274
0.617232
0.61521
0.613208
0.611226
0.609263
